-0.3	10148.2	2.94471e-06	-9.97498e-07	-10148.2
-0.2997	10148.2	3.02165e-06	-1.02156e-06	-10148.2
-0.2994	10148.2	3.14466e-06	-1.01503e-06	-10148.2
-0.2991	10148.2	3.31115e-06	-1.09198e-06	-10148.2
-0.298799	10148.2	3.4412e-06	-1.12982e-06	-10148.2
-0.298499	10148.2	3.4724e-06	-1.2269e-06	-10148.2
-0.298199	10148.2	3.70838e-06	-1.28403e-06	-10148.2
-0.297899	10148.2	3.90142e-06	-1.36733e-06	-10148.2
-0.297599	10148.2	3.89089e-06	-1.316e-06	-10148.2
-0.297299	10148.2	4.07834e-06	-1.27817e-06	-10148.2
-0.296998	10148.2	4.24134e-06	-1.35488e-06	-10148.2
-0.296698	10148.2	4.35395e-06	-1.45705e-06	-10148.2
-0.296398	10148.2	4.45443e-06	-1.56528e-06	-10148.2
-0.296098	10148.2	4.54332e-06	-1.61009e-06	-10148.2
-0.295798	10148.2	3.59103e-06	-1.17654e-06	-10148.2
-0.295498	10148.2	3.85133e-06	-1.21347e-06	-10148.2
-0.295198	10148.2	3.81585e-06	-1.24656e-06	-10148.2
-0.294897	10148.2	3.94079e-06	-1.21478e-06	-10148.2
-0.294597	10148.2	3.89024e-06	-1.35758e-06	-10148.2
-0.294297	10148.2	3.95253e-06	-1.2524e-06	-10148.2
-0.293997	10148.2	4.13849e-06	-1.24648e-06	-10148.2
-0.293697	10148.2	4.30058e-06	-1.41032e-06	-10148.2
-0.293397	10148.2	4.33123e-06	-1.30499e-06	-10148.2
-0.293097	10148.2	4.49209e-06	-1.28923e-06	-10148.2
-0.292796	10148.2	4.65152e-06	-1.21972e-06	-10148.2
-0.292496	10148.2	4.52375e-06	1.3005e-06	-10148.2
-0.292196	10148.2	4.61326e-06	1.14e-06	-10148.2
-0.291896	10148.2	4.74819e-06	1.04535e-06	-10148.2
-0.291596	10148.2	4.60853e-06	8.42266e-07	-10148.2
-0.291296	10148.2	5.0571e-06	7.10627e-07	-10148.2
-0.290995	10148.2	4.81556e-06	6.51125e-07	-10148.2
-0.290695	10148.2	5.01391e-06	4.54223e-07	-10148.2
-0.290395	10148.2	5.09509e-06	1.49367e-07	-10148.2
-0.290095	10148.2	4.97302e-06	-5.77764e-08	-10148.2
-0.289795	10148.2	4.97238e-06	7.90389e-09	-10148.2
-0.289495	10148.2	5.1893e-06	-1.31416e-07	-10148.2
-0.289195	10148.2	7.41294e-06	-1.64148e-06	-10148.2
-0.288894	10148.2	7.75967e-06	-1.81896e-06	-10148.2
-0.288594	10148.2	8.03568e-06	-2.02751e-06	-10148.2
-0.288294	10148.2	8.11291e-06	-2.0446e-06	-10148.2
-0.287994	10148.2	8.40717e-06	-2.18326e-06	-10148.2
-0.287694	10148.2	8.54753e-06	-2.26602e-06	-10148.2
-0.287394	10148.2	8.58373e-06	-2.48798e-06	-10148.2
-0.287094	10148.2	8.77635e-06	-2.35478e-06	-10148.2
-0.286793	10148.2	8.9724e-06	-2.63836e-06	-10148.2
-0.286493	10148.2	9.12271e-06	-2.74455e-06	-10148.2
-0.286193	10148.2	9.51224e-06	-2.88815e-06	-10148.2
-0.285893	10148.2	9.574e-06	-2.93227e-06	-10148.2
-0.285593	10148.2	9.89433e-06	-3.04329e-06	-10148.2
-0.285293	10148.2	9.98286e-06	-3.08725e-06	-10148.2
-0.284992	10148.2	1.01731e-05	-3.16581e-06	-10148.2
-0.284692	10148.2	1.03494e-05	-3.19711e-06	-10148.2
-0.284392	10148.2	1.03256e-05	-3.45582e-06	-10148.2
-0.284092	10148.2	1.07765e-05	-3.56952e-06	-10148.2
-0.283792	10148.2	1.10954e-05	-3.56055e-06	-10148.2
-0.283492	10148.2	1.13498e-05	-4.05471e-06	-10148.2
-0.283192	10148.2	1.11682e-05	-4.0432e-06	-10148.2
-0.282891	10148.2	1.15635e-05	-3.97529e-06	-10148.2
-0.282591	10148.2	1.18502e-05	2.61051e-06	-10148.2
-0.282291	10148.2	1.18849e-05	2.28467e-06	-10148.2
-0.281991	10148.2	1.17435e-05	2.05983e-06	-10148.2
-0.281691	10148.2	1.22233e-05	1.75721e-06	-10148.2
-0.281391	10148.2	1.20435e-05	1.36449e-06	-10148.2
-0.281091	10148.2	1.21481e-05	1.18825e-06	-10148.2
-0.28079	10148.2	1.2031e-05	8.85693e-07	-10148.2
-0.28049	10148.2	1.23619e-05	5.81192e-07	-10148.2
-0.28019	10148.2	1.21241e-05	3.08381e-07	-10148.2
-0.27989	10148.2	1.23006e-05	-3.14202e-08	-10148.2
-0.27959	10148.2	1.26163e-05	-2.52224e-07	-10148.2
-0.27929	10148.2	1.22856e-05	-6.03181e-07	-10148.2
-0.278989	10148.2	1.3129e-05	-1.16272e-06	-10148.2
-0.278689	10148.2	1.35133e-05	-1.42673e-06	-10148.2
-0.278389	10148.2	1.40685e-05	-1.78836e-06	-10148.2
-0.278089	10148.2	1.44988e-05	-2.02283e-06	-10148.2
-0.277789	10148.2	1.51563e-05	-2.37415e-06	-10148.2
-0.277489	10148.2	1.52635e-05	-2.66575e-06	-10148.2
-0.277189	10148.2	1.5793e-05	-2.98662e-06	-10148.2
-0.276888	10148.2	1.63115e-05	-3.30739e-06	-10148.2
-0.276588	10148.2	1.6782e-05	-3.69188e-06	-10148.2
-0.276288	10148.2	1.72743e-05	-3.97958e-06	-10148.2
-0.275988	10148.2	1.76995e-05	-4.23763e-06	-10148.2
-0.275688	10148.2	1.81172e-05	-4.50218e-06	-10148.2
-0.275388	10148.2	1.85854e-05	-4.78818e-06	-10148.2
-0.275088	10148.2	1.91874e-05	-5.08702e-06	-10148.2
-0.274787	10148.2	1.95665e-05	-5.42078e-06	-10148.2
-0.274487	10148.2	1.99229e-05	-5.71208e-06	-10148.2
-0.274187	10148.2	2.03687e-05	-5.95255e-06	-10148.2
-0.273887	10148.2	2.10337e-05	1.07454e-06	-10148.2
-0.273587	10148.2	2.21106e-05	9.75456e-07	-10148.2
-0.273287	10148.2	2.29837e-05	9.06094e-07	-10148.2
-0.272986	10148.2	2.38386e-05	8.51922e-07	-10148.2
-0.272686	10148.2	2.47715e-05	8.05128e-07	-10148.2
-0.272386	10148.2	2.57305e-05	6.98898e-07	-10148.2
-0.272086	10148.2	2.66225e-05	6.68786e-07	-10148.2
-0.271786	10148.2	2.75633e-05	5.8555e-07	-10148.2
-0.271486	10148.2	2.85025e-05	4.76021e-07	-10148.2
-0.271186	10148.2	2.95263e-05	3.85921e-07	-10148.2
-0.270885	10148.2	3.03408e-05	3.02151e-07	-10148.2
-0.270585	10148.2	3.12841e-05	2.33171e-07	-10148.2
-0.270285	10148.2	3.2271e-05	1.43443e-07	-10148.2
-0.269985	10148.2	3.31618e-05	1.35353e-07	-10148.2
-0.269685	10148.2	3.40865e-05	3.0112e-08	-10148.2
-0.269385	10148.2	3.47952e-05	-4.91919e-08	-10148.2
-0.269085	10148.2	3.58892e-05	-1.38606e-07	-10148.2
-0.268784	10148.2	3.6683e-05	-2.27617e-07	-10148.2
-0.268484	10148.2	3.77803e-05	-2.71444e-07	-10148.2
-0.268184	10148.2	4.06823e-05	-2.33315e-06	-10148.2
-0.267884	10148.2	4.11021e-05	-2.68516e-06	-10148.2
-0.267584	10148.2	4.19474e-05	-3.18494e-06	-10148.2
-0.267284	10148.2	4.25975e-05	-3.76466e-06	-10148.2
-0.266983	10148.2	4.3126e-05	-4.27581e-06	-10148.2
-0.266683	10148.2	4.37571e-05	-4.71185e-06	-10148.2
-0.266383	10148.2	4.43841e-05	-5.40606e-06	-10148.2
-0.266083	10148.2	4.52259e-05	-5.74821e-06	-10148.2
-0.265783	10148.2	4.5662e-05	-6.24111e-06	-10148.2
-0.265483	10148.2	4.63024e-05	-6.7873e-06	-10148.2
-0.265183	10148.2	4.6948e-05	-7.25306e-06	-10148.2
-0.264882	10148.2	4.75444e-05	-7.84694e-06	-10148.2
-0.264582	10148.2	4.8287e-05	-8.17777e-06	-10148.2
-0.264282	10148.2	4.8945e-05	-8.65598e-06	-10148.2
-0.263982	10148.2	5.17495e-05	1.18787e-05	-10148.2
-0.263682	10148.2	5.31385e-05	1.12527e-05	-10148.2
-0.263382	10148.2	5.47669e-05	1.08105e-05	-10148.2
-0.263082	10148.2	5.57437e-05	1.03915e-05	-10148.2
-0.262781	10148.2	5.70273e-05	9.88271e-06	-10148.2
-0.262481	10148.2	5.87318e-05	9.29975e-06	-10148.2
-0.262181	10148.2	6.00166e-05	8.73e-06	-10148.2
-0.261881	10148.2	6.1239e-05	8.23032e-06	-10148.2
-0.261581	10148.2	6.26802e-05	7.73718e-06	-10148.2
-0.261281	10148.2	6.40821e-05	7.33916e-06	-10148.2
-0.26098	10148.2	6.51261e-05	6.85871e-06	-10148.2
-0.26068	10148.2	6.6825e-05	6.26065e-06	-10148.2
-0.26038	10148.2	6.80698e-05	5.84633e-06	-10148.2
-0.26008	10148.2	6.93075e-05	5.1478e-06	-10148.2
-0.25978	10148.2	7.0652e-05	4.64716e-06	-10148.2
-0.25948	10148.2	7.21508e-05	4.23159e-06	-10148.2
-0.25918	10148.2	7.36836e-05	3.73965e-06	-10148.2
-0.258879	10148.2	7.48797e-05	3.30454e-06	-10148.2
-0.258579	10148.2	8.15676e-05	-1.25818e-06	-10148.2
-0.258279	10148.2	8.28659e-05	-2.32768e-06	-10148.2
-0.257979	10148.2	8.40406e-05	-3.4927e-06	-10148.2
-0.257679	10148.2	8.56306e-05	-4.60367e-06	-10148.2
-0.257379	10148.2	8.71162e-05	-5.506e-06	-10148.2
-0.257079	10148.2	8.83948e-05	-6.82733e-06	-10148.2
-0.256778	10148.2	9.19835e-05	-9.69744e-06	-10148.2
-0.256478	10148.2	9.38763e-05	-1.08195e-05	-10148.2
-0.256178	10148.2	9.55999e-05	-1.17232e-05	-10148.2
-0.255878	10148.2	9.74627e-05	-1.27678e-05	-10148.2
-0.255578	10148.2	9.93036e-05	-1.3858e-05	-10148.2
-0.255278	10148.2	0.000100934	-1.49204e-05	-10148.2
-0.254977	10148.2	0.000102864	-1.59149e-05	-10148.2
-0.254677	10148.2	0.000104674	-1.70502e-05	-10148.2
-0.254377	10148.2	0.00010649	-1.80372e-05	-10148.2
-0.254077	10148.2	0.000108302	-1.90345e-05	-10148.2
-0.253777	10148.2	0.000110055	-2.01551e-05	-10148.2
-0.253477	10148.2	0.000111751	-2.11446e-05	-10148.2
-0.253177	10148.2	0.000113681	-2.22387e-05	-10148.2
-0.252876	10148.2	0.000115494	-2.31411e-05	-10148.2
-0.252576	10148.2	0.000117536	-2.42307e-05	-10148.2
-0.252276	10148.2	0.000119236	-2.54199e-05	-10148.2
-0.251976	10148.2	0.000120934	-2.64716e-05	-10148.2
-0.251676	10148.2	0.000122515	-2.74338e-05	-10148.2
-0.251376	10148.2	0.00012452	-2.83654e-05	-10148.2
-0.251076	10148.2	0.000126393	-2.96542e-05	-10148.2
-0.250775	10148.2	0.00012607	3.48884e-05	-10148.2
-0.250475	10148.2	0.000129219	3.21293e-05	-10148.2
-0.250175	10148.2	0.000132381	2.91709e-05	-10148.2
-0.249875	10148.2	0.000135535	2.63153e-05	-10148.2
-0.249575	10148.2	0.000138688	2.35285e-05	-10148.2
-0.249275	10148.2	0.000141844	2.08314e-05	-10148.2
-0.248974	10148.2	0.00014481	1.77812e-05	-10148.2
-0.248674	10148.2	0.000148041	1.49841e-05	-10148.2
-0.248374	10148.2	0.000151215	1.21762e-05	-10148.2
-0.248074	10148.2	0.000192353	-2.06041e-05	-10148.2
-0.247774	10148.2	0.000196239	-2.14294e-05	-10148.2
-0.247474	10148.2	0.00020038	-2.21367e-05	-10148.2
-0.247174	10148.2	0.000204613	-2.28822e-05	-10148.2
-0.246873	10148.2	0.000208805	-2.36574e-05	-10148.2
-0.246573	10148.2	0.000212916	-2.42559e-05	-10148.2
-0.246273	10148.2	0.000217078	-2.5047e-05	-10148.2
-0.245973	10148.2	0.000221154	-2.56742e-05	-10148.2
-0.245673	10148.2	0.000225383	-2.64143e-05	-10148.2
-0.245373	10148.2	0.000229619	-2.71078e-05	-10148.2
-0.245073	10148.2	0.000233777	-2.79233e-05	-10148.2
-0.244772	10148.2	0.000237892	-2.85488e-05	-10148.2
-0.244472	10148.2	0.000242096	-2.93749e-05	-10148.2
-0.244172	10148.2	0.000246171	-3.00725e-05	-10148.2
-0.243872	10148.2	0.000250368	-3.07845e-05	-10148.2
-0.243572	10148.2	0.000254548	-3.15343e-05	-10148.2
-0.243272	10148.2	0.000258784	-3.22325e-05	-10148.2
-0.242971	10148.2	0.000262909	-3.29794e-05	-10148.2
-0.242671	10148.2	0.00026702	-3.36543e-05	-10148.2
-0.242371	10148.2	0.000271169	-3.44291e-05	-10148.2
-0.242071	10148.2	0.000275283	-3.5115e-05	-10148.2
-0.241771	10148.2	0.00027947	-3.58533e-05	-10148.2
-0.241471	10148.2	0.000283697	-3.65668e-05	-10148.2
-0.241171	10148.2	0.000287787	-3.72982e-05	-10148.2
-0.24087	10148.2	0.000292088	-3.80271e-05	-10148.2
-0.24057	10148.2	0.000296216	-3.88046e-05	-10148.2
-0.24027	10148.2	0.000336134	6.69008e-05	-10148.2
-0.23997	10148.2	0.00034151	5.98229e-05	-10148.2
-0.23967	10148.2	0.000346742	5.28006e-05	-10148.2
-0.23937	10148.2	0.000352069	4.57109e-05	-10148.2
-0.23907	10148.2	0.000357679	3.87134e-05	-10148.2
-0.238769	10148.2	0.000362917	3.17131e-05	-10148.2
-0.238469	10148.2	0.000368436	2.45636e-05	-10148.2
-0.238169	10148.2	0.000373786	1.74864e-05	-10148.2
-0.237869	10148.2	0.00038353	9.53924e-06	-10148.2
-0.237569	10148.2	0.000397819	9.01629e-07	-10148.2
-0.237269	10148.2	0.000411954	-7.84801e-06	-10148.2
-0.236968	10148.2	0.000426005	-1.66184e-05	-10148.2
-0.236668	10148.2	0.000440205	-2.5301e-05	-10148.2
-0.236368	10148.2	0.000454668	-3.40068e-05	-10148.2
-0.236068	10148.2	0.0004687	-4.26596e-05	-10148.2
-0.235768	10148.2	0.000482922	-5.14386e-05	-10148.2
-0.235468	10148.2	0.000497236	-6.02018e-05	-10148.2
-0.235168	10148.2	0.000511545	-6.9023e-05	-10148.2
-0.234867	10148.2	0.000525587	-7.76552e-05	-10148.2
-0.234567	10148.2	0.000539961	-8.63828e-05	-10148.2
-0.234267	10148.2	0.000553938	-9.50814e-05	-10148.2
-0.233967	10148.2	0.000568313	-0.000103873	-10148.2
-0.233667	10148.2	0.00058268	-0.000112572	-10148.2
-0.233367	10148.2	0.0005966	-0.000121284	-10148.2
-0.233067	10148.2	0.000617753	0.000127298	-10148.2
-0.232766	10148.2	0.000636775	0.000120944	-10148.2
-0.232466	10148.2	0.000655816	0.000114742	-10148.2
-0.232166	10148.2	0.000674654	0.000108346	-10148.2
-0.231866	10148.2	0.000693732	0.000101973	-10148.2
-0.231566	10148.2	0.000712763	9.56514e-05	-10148.2
-0.231266	10148.2	0.000731716	8.93327e-05	-10148.2
-0.230965	10148.2	0.000751014	8.29984e-05	-10148.2
-0.230665	10148.2	0.000769823	7.66049e-05	-10148.2
-0.230365	10148.2	0.000789006	7.01901e-05	-10148.2
-0.230065	10148.2	0.000808115	6.39651e-05	-10148.2
-0.229765	10148.2	0.000826995	5.74964e-05	-10148.2
-0.229465	10148.2	0.000846184	5.12445e-05	-10148.2
-0.229165	10148.2	0.000865103	4.48441e-05	-10148.2
-0.228864	10148.2	0.000884068	3.8578e-05	-10148.2
-0.228564	10148.2	0.000903263	3.2171e-05	-10148.2
-0.228264	10148.2	0.000909727	3.47402e-05	-10148.2
-0.227964	10148.2	0.000926247	1.68697e-05	-10148.2
-0.227664	10148.2	0.000942929	-1.04596e-06	-10148.2
-0.227364	10148.2	0.000959618	-1.87243e-05	-10148.2
-0.227064	10148.2	0.000976389	-3.66352e-05	-10148.2
-0.226763	10148.2	0.000993072	-5.44647e-05	-10148.2
-0.226463	10148.2	0.00100983	-7.22157e-05	-10148.2
-0.226163	10148.2	0.00102636	-9.01723e-05	-10148.2
-0.225863	10148.2	0.00104305	-0.000108003	-10148.2
-0.225563	10148.2	0.00105989	-0.000125719	-10148.2
-0.225263	10148.2	0.00107649	-0.0001436	-10148.2
-0.224962	10148.2	0.00112587	4.521e-05	-10148.2
-0.224662	10148.2	0.00116603	2.77652e-05	-10148.2
-0.224362	10148.2	0.00120593	1.04022e-05	-10148.2
-0.224062	10148.2	0.00124599	-6.96915e-06	-10148.2
-0.223762	10148.2	0.00128599	-2.44039e-05	-10148.2
-0.223462	10148.2	0.00132604	-4.17866e-05	-10148.2
-0.223162	10148.2	0.00136605	-5.91375e-05	-10148.2
-0.222861	10148.2	0.00140605	-7.66018e-05	-10148.2
-0.222561	10148.2	0.00144595	-9.39342e-05	-10148.2
-0.222261	10148.2	0.00148609	-0.000111315	-10148.2
-0.221961	10148.2	0.00152599	-0.000128758	-10148.2
-0.221661	10148.2	0.00156607	-0.000146145	-10148.2
-0.221361	10148.2	0.00160602	-0.000163505	-10148.2
-0.221061	10148.2	0.00164601	-0.000180915	-10148.2
-0.22076	10148.2	0.00168599	-0.00019832	-10148.2
-0.22046	10148.2	0.00172605	-0.000215697	-10148.2
-0.22016	10148.2	0.00176609	-0.000233088	-10148.2
-0.21986	10148.2	0.0020028	0.000113906	-10148.2
-0.21956	10148.2	0.00202875	8.20146e-05	-10148.2
-0.21926	10148.2	0.00205461	5.01573e-05	-10148.2
-0.218959	10148.2	0.00208047	1.8224e-05	-10148.2
-0.218659	10148.2	0.00210634	-1.36676e-05	-10148.2
-0.218359	10148.2	0.00213213	-4.55589e-05	-10148.2
-0.218059	10148.2	0.00215802	-7.74759e-05	-10148.2
-0.217759	10148.2	0.00218387	-0.000109369	-10148.2
-0.217459	10148.2	0.00220979	-0.000141297	-10148.2
-0.217159	10148.2	0.00223561	-0.000173134	-10148.2
-0.216858	10148.2	0.00226144	-0.000205067	-10148.2
-0.216558	10148.2	0.0022874	-0.000237032	-10148.2
-0.216258	10148.2	0.00231323	-0.000268918	-10148.2
-0.215958	10148.2	0.00233906	-0.000300748	-10148.2
-0.215658	10148.2	0.00234977	3.86815e-05	-10148.2
-0.215358	10148.2	0.00243021	4.85241e-05	-10148.2
-0.215058	10148.2	0.00251059	5.84134e-05	-10148.2
-0.214757	10148.2	0.00259084	6.82723e-05	-10148.2
-0.214457	10148.2	0.00267138	7.82661e-05	-10148.2
-0.214157	10148.2	0.00275176	8.81447e-05	-10148.2
-0.213857	10148.2	0.0028321	9.80157e-05	-10148.2
-0.213557	10148.2	0.00291259	0.000107875	-10148.2
-0.213257	10148.2	0.00299293	0.000117779	-10148.2
-0.212956	10148.2	0.00307327	0.0001277	-10148.2
-0.212656	10148.2	0.00315356	0.000137587	-10148.2
-0.212356	10148.2	0.00323394	0.000147403	-10148.2
-0.212056	10148.2	0.00331439	0.000157346	-10148.2
-0.211756	10148.2	0.00339482	0.000167232	-10148.2
-0.211456	10148.2	0.00347521	0.000177143	-10148.2
-0.211156	10148.2	0.00355555	0.000187013	-10148.2
-0.210855	10148.2	0.00363595	0.000196899	-10148.2
-0.210555	10148.2	0.00349648	0.000564797	-10148.2
-0.210255	10148.2	0.00360489	0.000502835	-10148.2
-0.209955	10148.2	0.00371303	0.000440895	-10148.2
-0.209655	10148.2	0.00382133	0.000378876	-10148.2
-0.209355	10148.2	0.00392961	0.000316954	-10148.2
-0.209055	10148.2	0.00403796	0.000254986	-10148.2
-0.208754	10148.2	0.00414632	0.000192956	-10148.2
-0.208454	10148.2	0.00425464	0.000130978	-10148.2
-0.208154	10148.2	0.0043629	6.90109e-05	-10148.2
-0.207854	10148.2	0.00447115	7.02247e-06	-10148.2
-0.207554	10148.2	0.00457944	-5.49896e-05	-10148.2
-0.207254	10148.2	0.00468784	-0.000116937	-10148.2
-0.206953	10148.2	0.0047961	-0.000178913	-10148.2
-0.206653	10148.2	0.00490441	-0.000240893	-10148.2
-0.206353	10148.2	0.00501268	-0.000302927	-10148.2
-0.206053	10148.2	0.00512104	-0.000364835	-10148.2
-0.205753	10148.2	0.00522934	-0.000426874	-10148.2
-0.205453	10148.2	0.00524057	-0.00026706	-10148.2
-0.205153	10148.2	0.00541227	-0.000294499	-10148.2
-0.204852	10148.2	0.00558405	-0.000322037	-10148.2
-0.204552	10148.2	0.00575585	-0.000349563	-10148.2
-0.204252	10148.2	0.00592749	-0.000377128	-10148.2
-0.203952	10148.2	0.00609926	-0.000404627	-10148.2
-0.203652	10148.2	0.00627098	-0.000432132	-10148.2
-0.203352	10148.2	0.00644284	-0.000459695	-10148.2
-0.203052	10148.2	0.00661446	-0.000487195	-10148.2
-0.202751	10148.2	0.00678618	-0.000514752	-10148.2
-0.202451	10148.2	0.00695793	-0.000542299	-10148.2
-0.202151	10148.2	0.00712973	-0.000569781	-10148.2
-0.201851	10148.2	0.00730141	-0.000597325	-10148.2
-0.201551	10148.2	0.00747319	-0.000624829	-10148.2
-0.201251	10148.2	0.00764502	-0.000652376	-10148.2
-0.20095	10148.2	0.0078167	-0.000679901	-10148.2
-0.20065	10148.2	0.00798843	-0.000707432	-10148.2
-0.20035	10148.2	0.00798664	0.00176629	-10148.2
-0.20005	10148.2	0.00818279	0.00156264	-10148.2
-0.19975	10148.2	0.00837904	0.0013589	-10148.2
-0.19945	10148.2	0.00857517	0.00115525	-10148.2
-0.19915	10148.2	0.00877139	0.0009516	-10148.2
-0.198849	10148.2	0.00896754	0.000747899	-10148.2
-0.198549	10148.2	0.0091637	0.000544207	-10148.2
-0.198249	10148.2	0.00935996	0.000340512	-10148.2
-0.197949	10148.2	0.00955612	0.000136854	-10148.2
-0.197649	10148.2	0.00975229	-6.68037e-05	-10148.2
-0.197349	10148.2	0.0099485	-0.000270465	-10148.2
-0.197049	10148.2	0.0101447	-0.000474204	-10148.2
-0.196748	10148.2	0.0103409	-0.000677883	-10148.2
-0.196448	10148.2	0.0103618	0.000921131	-10148.2
-0.196148	10148.2	0.0108325	0.000672043	-10148.2
-0.195848	10148.2	0.0113032	0.000422972	-10148.2
-0.195548	10148.2	0.0117739	0.000173929	-10148.2
-0.195248	10148.2	0.0122446	-7.51339e-05	-10148.2
-0.194947	10148.2	0.0127154	-0.000324187	-10148.2
-0.194647	10148.2	0.013186	-0.000573244	-10148.2
-0.194347	10148.2	0.0136568	-0.000822298	-10148.2
-0.194047	10148.3	0.0141275	-0.00107135	-10148.3
-0.193747	10148.3	0.0145982	-0.00132041	-10148.3
-0.193447	10148.3	0.0150689	-0.00156948	-10148.3
-0.193147	10148.3	0.0155396	-0.00181852	-10148.3
-0.192846	10148.3	0.0160103	-0.00206757	-10148.3
-0.192546	10148.3	0.0164811	-0.00231666	-10148.3
-0.192246	10148.3	0.0169518	-0.0025657	-10148.3
-0.191946	10148.3	0.0174225	-0.00281476	-10148.3
-0.191646	10148.3	0.0178931	-0.00306381	-10148.3
-0.191346	10148.3	0.0183639	-0.00331289	-10148.3
-0.191046	10148.3	0.0188346	-0.00356194	-10148.3
-0.190745	10148.3	0.0193053	-0.00381099	-10148.3
-0.190445	10148.3	0.019776	-0.00406007	-10148.3
-0.190145	10148.3	0.0223806	0.0030379	-10148.3
-0.189845	10148.3	0.0227101	0.00265871	-10148.3
-0.189545	10148.3	0.0230396	0.0022795	-10148.3
-0.189245	10148.3	0.0233692	0.00190034	-10148.3
-0.188944	10148.3	0.0236987	0.00152113	-10148.3
-0.188644	10148.3	0.0240282	0.00114195	-10148.3
-0.188344	10148.3	0.0243577	0.00076276	-10148.3
-0.188044	10148.3	0.0246872	0.000383589	-10148.3
-0.187744	10148.3	0.0250167	4.4029e-06	-10148.3
-0.187444	10148.3	0.0253463	-0.000374785	-10148.3
-0.187144	10148.3	0.0256759	-0.000753966	-10148.3
-0.186843	10148.3	0.0260053	-0.00113317	-10148.3
-0.186543	10148.3	0.0263349	-0.00151232	-10148.3
-0.186243	10148.3	0.0266644	-0.00189153	-10148.3
-0.185943	10148.3	0.026322	0.00252736	-10148.3
-0.185643	10148.3	0.0271211	0.00252837	-10148.3
-0.185343	10148.3	0.0279201	0.00252939	-10148.3
-0.185043	10148.3	0.0287191	0.00253043	-10148.3
-0.184742	10148.3	0.0295181	0.00253146	-10148.3
-0.184442	10148.3	0.0303172	0.00253249	-10148.3
-0.184142	10148.3	0.0311162	0.00253355	-10148.3
-0.183842	10148.3	0.0319152	0.00253459	-10148.3
-0.183542	10148.3	0.0327143	0.00253564	-10148.3
-0.183242	10148.3	0.0335133	0.00253666	-10148.3
-0.182941	10148.4	0.0343123	0.00253771	-10148.4
-0.182641	10148.4	0.0351114	0.00253872	-10148.4
-0.182341	10148.4	0.0359104	0.00253975	-10148.4
-0.182041	10148.4	0.0367094	0.00254079	-10148.4
-0.181741	10148.4	0.0375085	0.00254182	-10148.4
-0.181441	10148.4	0.0383075	0.00254286	-10148.4
-0.181141	10148.4	0.0391065	0.00254388	-10148.4
-0.18084	10148.4	0.03795	0.00501281	-10148.4
-0.18054	10148.4	0.039063	0.00404303	-10148.4
-0.18024	10148.4	0.0401761	0.00307327	-10148.4
-0.17994	10148.4	0.0412892	0.0021035	-10148.4
-0.17964	10148.4	0.0424023	0.00113373	-10148.4
-0.17934	10148.4	0.0435154	0.000163986	-10148.4
-0.17904	10148.4	0.0446285	-0.000805786	-10148.4
-0.178739	10148.4	0.0457415	-0.00177557	-10148.4
-0.178439	10148.4	0.0468546	-0.00274531	-10148.4
-0.178139	10148.4	0.0479677	-0.00371508	-10148.4
-0.177839	10148.4	0.0490809	-0.00468486	-10148.4
-0.177539	10148.4	0.0501939	-0.00565461	-10148.4
-0.177239	10148.4	0.051307	-0.00662439	-10148.4
-0.176938	10148.5	0.0524201	-0.00759415	-10148.5
-0.176638	10148.5	0.0535332	-0.00856392	-10148.5
-0.176338	10148.5	0.0546463	-0.00953369	-10148.5
-0.176038	10148.5	0.0557594	-0.0105035	-10148.5
-0.175738	10148.5	0.0568725	-0.0114732	-10148.5
-0.175438	10148.5	0.0581803	-0.00775911	-10148.5
-0.175138	10148.5	0.0604918	-0.00847894	-10148.5
-0.174837	10148.5	0.0628033	-0.00919872	-10148.5
-0.174537	10148.5	0.0651148	-0.00991852	-10148.5
-0.174237	10148.5	0.0674262	-0.0106383	-10148.5
-0.173937	10148.5	0.0697377	-0.0113581	-10148.5
-0.173637	10148.5	0.0720492	-0.0120779	-10148.5
-0.173337	10148.5	0.0743607	-0.0127977	-10148.5
-0.173037	10148.6	0.0766721	-0.0135175	-10148.6
-0.172736	10148.6	0.0789836	-0.0142374	-10148.6
-0.172436	10148.6	0.0812951	-0.0149572	-10148.6
-0.172136	10148.6	0.0836066	-0.015677	-10148.6
-0.171836	10148.6	0.085918	-0.0163968	-10148.6
-0.171536	10148.6	0.0882295	-0.0171166	-10148.6
-0.171236	10148.6	0.090541	-0.0178364	-10148.6
-0.170935	10148.6	0.0928525	-0.0185562	-10148.6
-0.170635	10148.6	0.0961004	0.016027	-10148.6
-0.170335	10148.6	0.0980271	0.0143924	-10148.6
-0.170035	10148.6	0.0999538	0.0127578	-10148.6
-0.169735	10148.7	0.101881	0.0111233	-10148.7
-0.169435	10148.7	0.103807	0.00948868	-10148.7
-0.169135	10148.7	0.105734	0.00785411	-10148.7
-0.168834	10148.7	0.107661	0.00621956	-10148.7
-0.168534	10148.7	0.109587	0.00458498	-10148.7
-0.168234	10148.7	0.111514	0.00295039	-10148.7
-0.167934	10148.8	0.113441	0.00131582	-10148.8
-0.167634	10148.8	0.115368	-0.00031873	-10148.8
-0.167334	10148.8	0.117294	-0.00195331	-10148.8
-0.167034	10148.8	0.119221	-0.00358786	-10148.8
-0.166733	10148.8	0.121148	-0.00522246	-10148.8
-0.166433	10148.8	0.124136	-0.0061592	-10148.8
-0.166133	10148.8	0.127428	-0.00723154	-10148.8
-0.165833	10148.9	0.130721	-0.00830391	-10148.9
-0.165533	10148.9	0.134013	-0.00937623	-10148.9
-0.165233	10148.9	0.137306	-0.0104486	-10148.9
-0.164932	10148.9	0.140598	-0.0115209	-10148.9
-0.164632	10148.9	0.143891	-0.0125933	-10148.9
-0.164332	10148.9	0.147183	-0.0136656	-10148.9
-0.164032	10149	0.150476	-0.014738	-10149
-0.163732	10149	0.153768	-0.0158103	-10149
-0.163432	10149	0.15706	-0.0168827	-10149
-0.163132	10149	0.160353	-0.017955	-10149
-0.162831	10149	0.163645	-0.0190274	-10149
-0.162531	10149	0.166938	-0.0200997	-10149
-0.162231	10149.1	0.17023	-0.021172	-10149.1
-0.161931	10149.1	0.173523	-0.0222444	-10149.1
-0.161631	10149.1	0.176815	-0.0233168	-10149.1
-0.161331	10149.1	0.180108	-0.0243891	-10149.1
-0.161031	10149.1	0.1834	-0.0254614	-10149.1
-0.16073	10149.1	0.186692	-0.0265338	-10149.1
-0.16043	10149.2	0.189985	-0.0276062	-10149.2
-0.16013	10149.2	0.226758	0.013494	-10149.2
-0.15983	10149.3	0.2295	0.0082959	-10149.3
-0.15953	10149.3	0.232243	0.00309778	-10149.3
-0.15923	10149.3	0.234986	-0.00210038	-10149.3
-0.158929	10149.4	0.237729	-0.00729852	-10149.4
-0.158629	10149.4	0.240472	-0.0124966	-10149.4
-0.158329	10149.4	0.243214	-0.0176948	-10149.4
-0.158029	10149.5	0.245957	-0.0228929	-10149.5
-0.157729	10149.5	0.2487	-0.0280911	-10149.5
-0.157429	10149.5	0.251443	-0.0332892	-10149.5
-0.157129	10149.6	0.254186	-0.0384873	-10149.6
-0.156828	10149.6	0.256928	-0.0436855	-10149.6
-0.156528	10149.6	0.259671	-0.0488836	-10149.6
-0.156228	10149.6	0.262414	-0.0540818	-10149.6
-0.155928	10149.7	0.281573	0.0118112	-10149.7
-0.155628	10149.7	0.292223	0.0129252	-10149.7
-0.155328	10149.7	0.302874	0.0140391	-10149.7
-0.155028	10149.8	0.313524	0.015153	-10149.8
-0.154727	10149.8	0.324175	0.0162669	-10149.8
-0.154427	10149.9	0.334825	0.0173808	-10149.9
-0.154127	10149.9	0.345476	0.0184947	-10149.9
-0.153827	10149.9	0.356126	0.0196086	-10149.9
-0.153527	10150	0.366776	0.0207226	-10150
-0.153227	10150	0.377427	0.0218365	-10150
-0.152926	10150.1	0.388077	0.0229504	-10150.1
-0.152626	10150.1	0.398728	0.0240643	-10150.1
-0.152326	10150.1	0.409378	0.0251782	-10150.1
-0.152026	10150.2	0.420029	0.0262921	-10150.2
-0.151726	10150.2	0.430679	0.0274061	-10150.2
-0.151426	10150.3	0.441329	0.02852	-10150.3
-0.151126	10150.3	0.45198	0.0296339	-10150.3
-0.150825	10150.3	0.438336	0.0677302	-10150.3
-0.150525	10150.4	0.451855	0.0607465	-10150.4
-0.150225	10150.4	0.465374	0.0537628	-10150.4
-0.149925	10150.5	0.478893	0.0467791	-10150.5
-0.149625	10150.6	0.492411	0.0397953	-10150.6
-0.149325	10150.7	0.50593	0.0328116	-10150.7
-0.149025	10150.7	0.519449	0.0258279	-10150.7
-0.148724	10150.8	0.532967	0.0188442	-10150.8
-0.148424	10150.9	0.546486	0.0118605	-10150.9
-0.148124	10150.9	0.560005	0.00487682	-10150.9
-0.147824	10151	0.573524	-0.00210687	-10151
-0.147524	10151.1	0.587042	-0.00909059	-10151.1
-0.147224	10151.2	0.600561	-0.0160743	-10151.2
-0.146923	10151.2	0.61408	-0.023058	-10151.2
-0.146623	10151.3	0.627598	-0.0300417	-10151.3
-0.146323	10151.4	0.641117	-0.0370254	-10151.4
-0.146023	10151.4	0.654636	-0.0440091	-10151.4
-0.145723	10151.5	0.668155	-0.0509928	-10151.5
-0.145423	10151.6	0.675366	-0.0337382	-10151.6
-0.145123	10151.7	0.696082	-0.036582	-10151.7
-0.144822	10151.8	0.716797	-0.0394258	-10151.8
-0.144522	10151.9	0.737513	-0.0422695	-10151.9
-0.144222	10152	0.758228	-0.0451133	-10152
-0.143922	10152.1	0.778944	-0.0479571	-10152.1
-0.143622	10152.2	0.799659	-0.0508009	-10152.2
-0.143322	10152.3	0.820375	-0.0536446	-10152.3
-0.143022	10152.4	0.84109	-0.0564884	-10152.4
-0.142721	10152.5	0.861806	-0.0593322	-10152.5
-0.142421	10152.6	0.882521	-0.062176	-10152.6
-0.142121	10152.7	0.903237	-0.0650197	-10152.7
-0.141821	10152.7	0.923952	-0.0678635	-10152.7
-0.141521	10152.8	0.944668	-0.0707073	-10152.8
-0.141221	10152.9	0.965383	-0.0735511	-10152.9
-0.14092	10153	0.986098	-0.0763948	-10153
-0.14062	10153.1	1.00681	-0.0792386	-10153.1
-0.14032	10153.2	1.02753	-0.0820824	-10153.2
-0.14002	10153.6	1.17663	0.161159	-10153.6
-0.13972	10153.7	1.19067	0.135377	-10153.7
-0.13942	10153.9	1.20471	0.109596	-10153.9
-0.13912	10154	1.21875	0.083814	-10154
-0.138819	10154.2	1.23279	0.0580323	-10154.2
-0.138519	10154.3	1.24683	0.0322506	-10154.3
-0.138219	10154.5	1.26087	0.00646885	-10154.5
-0.137919	10154.7	1.2749	-0.0193129	-10154.7
-0.137619	10154.8	1.28894	-0.0450946	-10154.8
-0.137319	10155	1.30298	-0.0708763	-10155
-0.137019	10155.1	1.31702	-0.096658	-10155.1
-0.136718	10155.3	1.33106	-0.12244	-10155.3
-0.136418	10155.4	1.3451	-0.148221	-10155.4
-0.136118	10155.3	1.55087	0.186705	-10155.3
-0.135818	10155.5	1.59398	0.187605	-10155.5
-0.135518	10155.7	1.63708	0.188504	-10155.7
-0.135218	10156	1.68018	0.189403	-10156
-0.134917	10156.2	1.72328	0.190302	-10156.2
-0.134617	10156.4	1.76638	0.191201	-10156.4
-0.134317	10156.6	1.80949	0.1921	-10156.6
-0.134017	10156.8	1.85259	0.192999	-10156.8
-0.133717	10157.1	1.89569	0.193899	-10157.1
-0.133417	10157.3	1.93879	0.194798	-10157.3
-0.133117	10157.5	1.9819	0.195697	-10157.5
-0.132816	10157.7	2.025	0.196596	-10157.7
-0.132516	10157.9	2.0681	0.197495	-10157.9
-0.132216	10158.2	2.1112	0.198394	-10158.2
-0.131916	10158.4	2.15431	0.199294	-10158.4
-0.131616	10158.6	2.19741	0.200193	-10158.6
-0.131316	10158.8	2.24051	0.201092	-10158.8
-0.131016	10159.1	2.28361	0.201991	-10159.1
-0.130715	10159.3	2.32671	0.20289	-10159.3
-0.130415	10159.5	2.36982	0.203789	-10159.5
-0.130115	10159.6	2.32802	0.298798	-10159.6
-0.129815	10160	2.39419	0.24372	-10160
-0.129515	10160.3	2.46036	0.188642	-10160.3
-0.129215	10160.7	2.52653	0.133564	-10160.7
-0.128914	10161.1	2.5927	0.078486	-10161.1
-0.128614	10161.4	2.65887	0.0234081	-10161.4
-0.128314	10161.8	2.72504	-0.0316699	-10161.8
-0.128014	10162.1	2.79121	-0.0867478	-10162.1
-0.127714	10162.5	2.85738	-0.141826	-10162.5
-0.127414	10162.9	2.92355	-0.196904	-10162.9
-0.127114	10163.2	2.98972	-0.251982	-10163.2
-0.126813	10163.6	3.05589	-0.30706	-10163.6
-0.126513	10163.9	3.12206	-0.362138	-10163.9
-0.126213	10164.3	3.18823	-0.417216	-10164.3
-0.125913	10165.2	2.98581	-0.310241	-10165.2
-0.125613	10165.6	3.13871	-0.355232	-10165.6
-0.125313	10166.1	3.2916	-0.400223	-10166.1
-0.125013	10166.5	3.4445	-0.445214	-10166.5
-0.124712	10166.9	3.59739	-0.490205	-10166.9
-0.124412	10167.3	3.75029	-0.535195	-10167.3
-0.124112	10167.7	3.90318	-0.580186	-10167.7
-0.123812	10168.1	4.05608	-0.625177	-10168.1
-0.123512	10168.5	4.20897	-0.670168	-10168.5
-0.123212	10168.9	4.36187	-0.715159	-10168.9
-0.122911	10169.3	4.51476	-0.76015	-10169.3
-0.122611	10169.7	4.66766	-0.80514	-10169.7
-0.122311	10170.2	4.82055	-0.850131	-10170.2
-0.122011	10170.6	4.97345	-0.895122	-10170.6
-0.121711	10171	5.12635	-0.940113	-10171
-0.121411	10171.4	5.27924	-0.985104	-10171.4
-0.121111	10171.8	5.43214	-1.03009	-10171.8
-0.12081	10172.2	5.58503	-1.07509	-10172.2
-0.12051	10173	5.86536	0.819635	-10173
-0.12021	10173.8	5.9946	0.729935	-10173.8
-0.11991	10174.6	6.12383	0.640235	-10174.6
-0.11961	10175.4	6.25306	0.550535	-10175.4
-0.11931	10176.2	6.3823	0.460835	-10176.2
-0.11901	10177	6.51153	0.371135	-10177
-0.118709	10177.8	6.64077	0.281435	-10177.8
-0.118409	10178.6	6.77	0.191735	-10178.6
-0.118109	10179.4	6.89923	0.102035	-10179.4
-0.117809	10180.2	7.02847	0.0123347	-10180.2
-0.117509	10181	7.1577	-0.0773653	-10181
-0.117209	10181.8	7.28693	-0.167065	-10181.8
-0.116908	10182.6	7.41617	-0.256765	-10182.6
-0.116608	10183.4	7.5454	-0.346465	-10183.4
-0.116308	10184.2	7.67463	-0.436165	-10184.2
-0.116008	10185	7.80387	-0.525865	-10185
-0.115708	10185.8	7.9331	-0.615566	-10185.8
-0.115408	10186.6	8.06233	-0.705266	-10186.6
-0.115108	10187.4	8.19157	-0.794966	-10187.4
-0.114807	10188.8	8.22754	-0.693593	-10188.8
-0.114507	10190	8.40293	-0.728727	-10190
-0.114207	10191.3	8.57831	-0.763861	-10191.3
-0.113907	10192.5	8.7537	-0.798995	-10192.5
-0.113607	10193.7	8.92908	-0.834129	-10193.7
-0.113307	10195	9.10447	-0.869263	-10194.9
-0.113007	10196.2	9.27985	-0.904398	-10196.2
-0.112706	10197.4	9.45524	-0.939532	-10197.4
-0.112406	10198.6	9.63063	-0.974666	-10198.6
-0.112106	10199.9	9.80601	-1.0098	-10199.9
-0.111806	10201.1	9.9814	-1.04493	-10201.1
-0.111506	10202.3	10.1568	-1.08007	-10202.3
-0.111206	10203.6	10.3322	-1.1152	-10203.6
-0.110905	10204.8	10.5076	-1.15034	-10204.8
-0.110605	10206	10.6829	-1.18547	-10206
-0.110305	10207.3	10.8583	-1.2206	-10207.3
-0.110005	10208.5	11.0337	-1.25574	-10208.5
-0.109705	10209.7	11.2091	-1.29087	-10209.7
-0.109405	10212.5	12.2689	-0.386545	-10212.5
-0.109105	10214.2	12.4379	-0.661601	-10214.2
-0.108804	10216	12.6069	-0.936656	-10216
-0.108504	10217.7	12.7759	-1.21171	-10217.7
-0.108204	10219.4	12.9449	-1.48677	-10219.4
-0.107904	10221.2	13.1139	-1.76182	-10221.2
-0.107604	10222.9	13.2829	-2.03688	-10222.9
-0.107304	10224.7	13.4519	-2.31193	-10224.7
-0.107004	10222.5	16.6251	1.88238	-10222.5
-0.106703	10224.8	17.0027	1.84668	-10224.8
-0.106403	10227	17.3803	1.81098	-10227
-0.106103	10229.3	17.7578	1.77528	-10229.2
-0.105803	10231.5	18.1354	1.73959	-10231.5
-0.105503	10233.7	18.5129	1.70389	-10233.7
-0.105203	10236	18.8905	1.66819	-10236
-0.104902	10238.2	19.2681	1.63249	-10238.2
-0.104602	10240.5	19.6456	1.59679	-10240.5
-0.104302	10242.7	20.0232	1.5611	-10242.7
-0.104002	10245	20.4007	1.5254	-10244.9
-0.103702	10247.2	20.7783	1.4897	-10247.2
-0.103402	10249.5	21.1559	1.454	-10249.4
-0.103102	10251.7	21.5334	1.41831	-10251.7
-0.102801	10253.9	21.911	1.38261	-10253.9
-0.102501	10256.2	22.2885	1.34691	-10256.2
-0.102201	10258.4	22.6661	1.31121	-10258.4
-0.101901	10258.3	22.3532	2.1799	-10258.3
-0.101601	10262.2	22.8003	1.88957	-10262.2
-0.101301	10266.1	23.2473	1.59923	-10266
-0.101001	10269.9	23.6944	1.30889	-10269.9
-0.1007	10273.8	24.1414	1.01855	-10273.8
-0.1004	10277.7	24.5884	0.728218	-10277.7
-0.1001	10281.6	25.0355	0.43788	-10281.5
-0.0997999	10285.4	25.4825	0.147543	-10285.4
-0.0994997	10289.6	25.5174	0.268266	-10289.6
-0.0991996	10293.1	26.497	-0.284011	-10293.1
-0.0988994	10296.6	27.4765	-0.836287	-10296.6
-0.0985993	10300.1	28.456	-1.38856	-10300
-0.0982991	10303.6	29.4356	-1.94084	-10303.5
-0.097999	10307	30.4151	-2.49312	-10307
-0.0976988	10310.5	31.3946	-3.04539	-10310.5
-0.0973987	10314	32.3742	-3.59767	-10314
-0.0970985	10317.5	33.3537	-4.14995	-10317.4
-0.0967984	10321	34.3332	-4.70222	-10320.9
-0.0964982	10324.5	35.3128	-5.2545	-10324.4
-0.0961981	10327.9	36.2923	-5.80678	-10327.9
-0.0958979	10331.4	37.2718	-6.35905	-10331.4
-0.0955978	10334.9	38.2513	-6.91133	-10334.8
-0.0952976	10338.4	39.2309	-7.46361	-10338.3
-0.0949975	10341.9	40.2104	-8.01588	-10341.8
-0.0946973	10345.4	41.1899	-8.56816	-10345.3
-0.0943972	10354.2	41.1061	-0.348559	-10354.1
-0.094097	10360.5	42.3758	-0.911047	-10360.4
-0.0937969	10366.8	43.6455	-1.47353	-10366.7
-0.0934967	10373.1	44.9152	-2.03602	-10373
-0.0931966	10379.4	46.185	-2.59851	-10379.3
-0.0928964	10385.7	47.4547	-3.161	-10385.6
-0.0925963	10392	48.7244	-3.72349	-10391.9
-0.0922961	10398.4	49.9941	-4.28597	-10398.2
-0.091996	10404.7	51.2639	-4.84846	-10404.5
-0.0916958	10411	52.5336	-5.41095	-10410.9
-0.0913957	10417.3	53.8033	-5.97344	-10417.2
-0.0910955	10423.6	55.073	-6.53593	-10423.5
-0.0907954	10429.9	56.3427	-7.09841	-10429.8
-0.0904952	10436.2	57.6125	-7.6609	-10436.1
-0.0901951	10442.6	58.8822	-8.22339	-10442.4
-0.0898949	10448.9	60.1519	-8.78588	-10448.7
-0.0895948	10458.9	62.3246	6.07688	-10458.7
-0.0892946	10467.5	63.449	5.01707	-10467.4
-0.0889945	10476.2	64.5734	3.95727	-10476
-0.0886943	10484.8	65.6978	2.89746	-10484.6
-0.0883942	10493.4	66.8223	1.83766	-10493.2
-0.088094	10502	67.9467	0.777851	-10501.8
-0.0877939	10510.6	69.0711	-0.281954	-10510.4
-0.0874937	10519.3	70.1955	-1.34176	-10519
-0.0871936	10527.9	71.3199	-2.40156	-10527.6
-0.0868934	10536.5	72.4443	-3.46137	-10536.3
-0.0865933	10545.1	73.5688	-4.52117	-10544.9
-0.0862931	10547.7	80.92	-11.5721	-10547.3
-0.085993	10558.8	82.9844	-11.9252	-10558.5
-0.0856928	10569.9	85.0488	-12.2783	-10569.6
-0.0853927	10581.1	87.1133	-12.6314	-10580.7
-0.0850925	10592.2	89.1777	-12.9845	-10591.8
-0.0847924	10603.3	91.2421	-13.3376	-10602.9
-0.0844922	10614.5	93.3065	-13.6907	-10614
-0.0841921	10625.6	95.3709	-14.0438	-10625.2
-0.0838919	10636.7	97.4353	-14.3969	-10636.3
-0.0835918	10647.9	99.4998	-14.75	-10647.4
-0.0832916	10659	101.564	-15.1031	-10658.5
-0.0829915	10670.1	103.629	-15.4562	-10669.6
-0.0826913	10681.3	105.693	-15.8093	-10680.8
-0.0823912	10692.4	107.757	-16.1624	-10691.9
-0.082091	10703.6	109.822	-16.5155	-10703
-0.0817909	10714.7	111.886	-16.8686	-10714.1
-0.0814907	10735	116.748	25.1233	-10734.4
-0.0811906	10753.9	118.37	23.0113	-10753.3
-0.0808904	10772.9	119.993	20.8993	-10772.2
-0.0805903	10791.8	121.616	18.7874	-10791.1
-0.0802901	10810.7	123.238	16.6754	-10810
-0.07999	10829.6	124.861	14.5635	-10828.9
-0.0796898	10848.5	126.483	12.4515	-10847.8
-0.0793897	10867.4	128.106	10.3395	-10866.7
-0.0790895	10886.3	129.729	8.22759	-10885.6
-0.0787894	10897.5	140.593	2.66998	-10896.6
-0.0784892	10915.7	145.436	0.672029	-10914.7
-0.0781891	10933.8	150.279	-1.32593	-10932.7
-0.0778889	10951.9	155.123	-3.32388	-10950.8
-0.0775888	10970	159.966	-5.32184	-10968.9
-0.0772886	10988.2	164.81	-7.3198	-10986.9
-0.0769885	11006.3	169.653	-9.31775	-11005
-0.0766883	11024.4	174.497	-11.3157	-11023
-0.0763882	11042.5	179.34	-13.3137	-11041.1
-0.076088	11060.7	184.184	-15.3116	-11059.1
-0.0757879	11078.8	189.027	-17.3096	-11077.2
-0.0754877	11097	193.87	-19.3075	-11095.3
-0.0751876	11115.1	198.714	-21.3055	-11113.3
-0.0748874	11133.3	203.557	-23.3034	-11131.4
-0.0745873	11151.4	208.401	-25.3014	-11149.4
-0.0742871	11169.5	213.244	-27.2994	-11167.5
-0.073987	11189.6	218.348	45.578	-11187.4
-0.0736868	11223.3	224.074	43.0661	-11221
-0.0733867	11256.9	229.8	40.5542	-11254.5
-0.0730865	11290.6	235.525	38.0423	-11288.1
-0.0727864	11324.3	241.251	35.5304	-11321.6
-0.0724862	11357.9	246.977	33.0185	-11355.2
-0.0721861	11391.6	252.703	30.5066	-11388.8
-0.0718859	11425.3	258.428	27.9948	-11422.3
-0.0715858	11459	264.154	25.4829	-11455.9
-0.0712856	11492.6	269.88	22.971	-11489.4
-0.0709855	11526.3	275.606	20.4591	-11523
-0.0706853	11560	281.331	17.9472	-11556.6
-0.0703852	11593.7	287.057	15.4353	-11590.1
-0.070085	11627.4	292.783	12.9234	-11623.7
-0.0697849	11661.1	298.509	10.4115	-11657.2
-0.0694847	11694.8	304.234	7.89962	-11690.8
-0.0691846	11728.5	309.96	5.38773	-11724.4
-0.0688844	11794.1	341.547	-14.8573	-11789.2
-0.0685843	11831	344.959	-18.31	-11826
-0.0682841	11867.9	348.37	-21.7626	-11862.7
-0.067984	11850.9	384.644	32.5974	-11844.6
-0.0676838	11904.6	389.139	29.0012	-11898.2
-0.0673837	11958.3	393.635	25.4051	-11951.8
-0.0670835	12011.9	398.13	21.809	-12005.3
-0.0667834	12065.6	402.626	18.2129	-12058.9
-0.0664832	12130.8	358.542	29.2181	-12125.5
-0.0661831	12178.7	372.58	27.9263	-12173
-0.0658829	12226.6	386.618	26.6345	-12220.4
-0.0655828	12274.5	400.656	25.3427	-12267.9
-0.0652826	12322.4	414.694	24.051	-12315.3
-0.0649825	12370.3	428.732	22.7592	-12362.8
-0.0646823	12418.2	442.771	21.4674	-12410.3
-0.0643822	12466.1	456.809	20.1756	-12457.7
-0.064082	12514.1	470.847	18.8838	-12505.2
-0.0637819	12562	484.885	17.592	-12552.7
-0.0634817	12623.9	497.278	10.2503	-12614.1
-0.0631816	12689.7	513.775	6.87764	-12679.3
-0.0628814	12755.5	530.271	3.50502	-12744.5
-0.0625813	12821.3	546.768	0.132404	-12809.7
-0.0622811	12887.2	563.264	-3.24021	-12874.8
-0.061981	12932.7	554.988	23.0645	-12920.8
-0.0616808	13003.4	568.105	19.825	-12990.9
-0.0613807	13074	581.223	16.5855	-13061.1
-0.0610805	13144.6	594.341	13.3461	-13131.2
-0.0607804	13215.3	607.458	10.1066	-13201.3
-0.0604802	13285.9	620.576	6.8671	-13271.4
-0.0601801	13356.6	633.694	3.62762	-13341.5
-0.0598799	13427.3	646.811	0.388144	-13411.7
-0.0595798	13497.9	659.929	-2.85133	-13481.8
-0.0592796	13568.6	673.047	-6.09081	-13551.9
-0.0589795	13675.9	685.68	26.4118	-13658.6
-0.0586793	13765.9	704.056	22.9259	-13747.8
-0.0583792	13855.9	722.432	19.4401	-13837
-0.058079	13945.9	740.808	15.9542	-13926.2
-0.0577789	14035.9	759.184	12.4683	-14015.4
-0.0574787	14125.9	777.56	8.98249	-14104.5
-0.0571786	14216	795.936	5.49663	-14193.7
-0.0568784	14308.8	812.091	3.05615	-14285.7
-0.0565783	14405	829.671	1.1104	-14381.1
-0.0562781	14501.3	847.252	-0.835353	-14476.5
-0.055978	14600.2	866.408	-3.1843	-14574.5
-0.0556778	14708.9	885.434	-7.34688	-14682.3
-0.0553777	14817.7	904.46	-11.5095	-14790
-0.0550775	14926.4	923.486	-15.672	-14897.8
-0.0547774	15035.2	942.512	-19.8346	-15005.6
-0.0544772	15143.9	961.538	-23.9972	-15113.3
-0.0541771	15252.7	980.564	-28.1598	-15221.1
-0.0538769	15396.2	1010.72	0.647777	-15363
-0.0535768	15520.9	1025.64	-2.34024	-15487
-0.0532766	15617.1	1058.41	27.0822	-15581.2
-0.0529765	15754.6	1077.91	22.8631	-15717.7
-0.0526763	15892.2	1097.41	18.644	-15854.2
-0.0523762	16029.7	1116.9	14.4248	-15990.7
-0.052076	16165.9	1137.15	11.2885	-16125.9
-0.0517759	16296.6	1166.4	10.0003	-16254.8
-0.0514757	16427.4	1195.64	8.71215	-16383.8
-0.0511756	16582.7	1220.48	-3.9816	-16537.7
-0.0508754	16712.1	1233.76	6.442	-16666.5
-0.0505753	16868.3	1261.79	4.64148	-16821.1
-0.0502751	17024.6	1289.83	2.84096	-16975.6
-0.049975	17180.8	1317.87	1.04045	-17130.2
-0.0496748	17337.1	1345.9	-0.76007	-17284.8
-0.0493747	17507.2	1373.24	0.676554	-17453.2
-0.0490745	17671.9	1400.57	2.12624	-17616.3
-0.0487744	17841.3	1427.87	0.832601	-17784
-0.0484742	18015.1	1455.65	-0.394662	-17956.2
-0.0481741	18192.6	1484.18	-2.00607	-18131.9
-0.0478739	18372.6	1512.6	-3.46308	-18310.3
-0.0475738	18554.9	1544.65	-1.19331	-18490.5
-0.0472736	18742.8	1574.59	-0.781884	-18676.6
-0.0469735	18933.5	1605.78	2.15278	-18865.3
-0.0466733	19128.5	1636.44	-0.176346	-19058.3
-0.0463732	19328.9	1669.02	0.916461	-19256.7
-0.046073	19531.5	1700.63	-1.94676	-19457.3
-0.0457729	19736.9	1731.61	-4.05977	-19660.8
-0.0454727	19945.5	1762.62	2.32363	-19867.5
-0.0451726	20161.7	1797.23	-0.00620666	-20081.4
-0.0448724	20377.8	1831.75	-2.31069	-20295.3
-0.0445723	20601.7	1864.97	-1.03785	-20517.1
-0.0442721	20829.5	1900.18	-1.09413	-20742.6
-0.043972	21060.3	1935.46	-3.41107	-20971.2
-0.0436718	21297.7	1971.19	6.65888	-21206.3
-0.0433717	21537.1	2005.8	3.1995	-21443.5
-0.0430715	21777.8	2039.55	2.0627	-21682.1
-0.0427714	22025.3	2075.07	0.678014	-21927.4
-0.0424712	22279	2112.08	0.0925139	-22178.6
-0.0421711	22538.4	2150.16	-0.928622	-22435.6
-0.0418709	22798.8	2186.93	0.237744	-22693.6
-0.0415708	23060.9	2223.04	7.85573	-22953.5
-0.0412706	23336.3	2259.83	4.32771	-23226.6
-0.0409705	23611.7	2296.62	0.799684	-23499.8
-0.0406703	23891	2336.63	-1.97625	-23776.4
-0.0403702	24173.6	2372.46	4.41085	-24056.9
-0.04007	24463.6	2412.02	3.06902	-24344.4
-0.0397699	24753.6	2451.58	1.72721	-24631.9
-0.0394697	25056.2	2488.17	-1.22065	-24932.4
-0.0391696	25358.1	2527.99	-3.93217	-25231.7
-0.0388694	25667.8	2567.55	2.25396	-25539.1
-0.0385693	25979.2	2604.54	0.0207906	-25848.3
-0.0382691	26295.2	2644.07	-2.74944	-26162
-0.037969	26618.6	2684.11	1.68004	-26482.9
-0.0376688	26944.6	2722.91	0.771845	-26806.7
-0.0373687	27273.6	2761.61	-0.47342	-27133.4
-0.0370685	27613	2799.5	-2.20674	-27470.8
-0.0367684	27955	2837.52	-4.42843	-27810.6
-0.0364682	28300.8	2877.71	-2.96898	-28154.1
-0.0361681	28648.8	2915.51	2.02365	-28500
-0.0358679	29006.3	2951.95	-1.17735	-28855.7
-0.0355678	29363.9	2988.39	-4.37835	-29211.4
-0.0352676	29729.2	3026.47	0.299096	-29574.8
-0.0349675	30099.3	3066.68	-0.977275	-29942.6
-0.0346673	30469.3	3106.89	-2.25365	-30310.5
-0.0343672	30854.9	3144.36	-1.76158	-30694.3
-0.034067	31233.6	3178.33	3.48695	-31071.4
-0.0337669	31618.6	3214.41	1.60324	-31454.8
-0.0334667	32011.8	3251.13	-0.204071	-31846.3
-0.0331666	32409.3	3287.52	-2.38138	-32242.1
-0.0328664	32805.8	3325.01	1.84192	-32636.9
-0.0325663	33211.7	3358.09	1.72571	-33041.5
-0.0322661	33622.1	3392.3	1.66546	-33450.5
-0.031966	34036.9	3424.89	2.42165	-33864.1
-0.0316658	34452.2	3458.83	-0.0124317	-34278.1
-0.0313657	34873.7	3492.2	-0.563061	-34698.4
-0.0310655	35297.7	3523.02	-2.54392	-35121.5
-0.0307654	35723.9	3552.71	2.98499	-35546.8
-0.0304652	36159.7	3582.38	-0.350045	-35981.8
-0.0301651	36595.4	3612.04	-3.68507	-36416.7
-0.0298649	37028.7	3637.95	-4.33669	-36849.6
-0.0295648	37477.1	3672.21	4.16652	-37296.8
-0.0292646	37925.8	3693.4	1.77096	-37745.5
-0.0289645	38374.1	3721.54	-0.710517	-38193.2
-0.0286643	38823.3	3749.6	5.24405	-38641.8
-0.0283642	39283.3	3774.69	2.93469	-39101.5
-0.028064	39741.4	3797.53	1.03228	-39559.5
-0.0277639	40202.4	3820.87	0.825263	-40020.4
-0.0274637	40666.6	3841.97	0.0619105	-40484.7
-0.0271636	41132.6	3863.32	0.0950315	-40950.7
-0.0268634	41602.6	3883.19	-0.323818	-41421
-0.0265633	42073.4	3900.78	-0.622457	-41892.2
-0.0262631	42548.5	3917.63	-1.51253	-42367.8
-0.025963	43023.6	3934.47	-2.73827	-42843.4
-0.0256628	43499.2	3952.54	1.49935	-43319.3
-0.0253627	43980.2	3964.43	1.01424	-43801.1
-0.0250625	44461.1	3976.32	0.529132	-44282.9
-0.0247624	44944.1	3988.27	-0.377128	-44766.8
-0.0244622	45426.7	3998.07	-0.830737	-45250.4
-0.0241621	45911.6	4007.31	0.639507	-45736.4
-0.0238619	46399.3	4015.44	0.0373381	-46225.3
-0.0235618	46884.4	4020.46	0.558889	-46711.7
-0.0232616	47372.7	4026.04	0.319626	-47201.3
-0.0229615	47859.1	4029.41	0.407065	-47689.2
-0.0226613	48348.6	4031.34	-0.0782571	-48180.2
-0.0223612	48836.8	4032.57	-0.0856709	-48670
-0.022061	49326	4032.23	0.392205	-49161
-0.0217609	49813.7	4029.87	0.89441	-49650.4
-0.0214607	50301.6	4027.04	1.3412	-50140.2
-0.0211606	50789.5	4024.21	1.78799	-50629.9
-0.0208604	51276.6	4018.12	-0.640241	-51118.9
-0.0205603	51762.1	4008.08	-0.279013	-51606.7
-0.0202601	52247.8	3998.04	0.0822254	-52094.6
-0.01996	52731.8	3986.96	0.436498	-52580.9
-0.0196598	53215.4	3974.22	0.438208	-53066.8
-0.0193597	53693.1	3958.95	-0.342003	-53546.9
-0.0190595	54172.8	3942.5	-1.22717	-54029.1
-0.0187594	54651.7	3925.52	-0.591132	-54510.5
-0.0184592	55124.9	3906.7	0.662872	-54986.3
-0.0181591	55596.8	3883.86	-1.63178	-55461
-0.0178589	56065.7	3861.07	0.526287	-55932.6
-0.0175588	56534.7	3838.27	2.68435	-56404.2
-0.0172586	56998	3811.35	-3.4533	-56870.5
-0.0169585	57457.7	3780.87	-1.3604	-57333.1
-0.0166583	57917.4	3750.39	0.732511	-57795.8
-0.0163582	58364.1	3721.75	-0.66493	-58245.3
-0.016058	58815.8	3684.87	1.30152	-58700.3
-0.0157579	59263.4	3647.42	-6.03518	-59151
-0.0154577	59700.5	3608.24	-3.46536	-59591.4
-0.0151576	60141.6	3570.33	-3.6401	-60035.5
-0.0148574	60567.9	3528.62	-2.36302	-60465
-0.0145573	60994.3	3486.91	-1.08593	-60894.5
-0.0142571	61415.5	3438.54	-1.38455	-61319.2
-0.013957	61828.3	3394.38	0.724209	-61735
-0.0136568	62241.1	3350.21	2.83296	-62150.9
-0.0133567	62642.8	3296.86	-2.00804	-62556
-0.0130565	63039.4	3241.47	-0.0378304	-62956.1
-0.0127564	63436.2	3186.07	1.93238	-63356.2
-0.0124562	63810.7	3130.3	3.41677	-63733.9
-0.0121561	64191	3072.11	6.16123	-64117.4
-0.0118559	64565.9	3006.68	-8.16802	-64495.8
-0.0115558	64917.2	2949.19	-4.10195	-64850.2
-0.0112556	65273.9	2884.4	0.770581	-65210.1
-0.0109555	65630.6	2819.61	5.64311	-65570
-0.0106553	65959.5	2751.97	-5.44673	-65902
-0.0103552	66288.1	2684.47	-1.6117	-66233.7
-0.010055	66616.6	2611.06	1.60623	-66565.4
-0.00975488	66926.6	2536.44	4.07879	-66878.5
-0.00945473	67226.1	2463.77	4.04704	-67181
-0.00915458	67520.7	2387.78	7.37659	-67478.4
-0.00885443	67815.3	2311.8	10.7061	-67775.9
-0.00855428	68088.7	2225.15	4.94007	-68052.3
-0.00825413	68347.4	2148.42	9.54135	-68313.6
-0.00795398	68610.1	2059.74	-4.21385	-68579.2
-0.00765383	68858.3	1983.81	7.33881	-68829.8
-0.00735368	69088.4	1894.14	9.26188	-69062.4
-0.00705353	69318.5	1804.46	11.185	-69295
-0.00675338	69525.3	1722.64	-1.76404	-69504
-0.00645323	69740.7	1632.1	3.67964	-69721.6
-0.00615308	69930.1	1539.85	8.02023	-69913.2
-0.00585293	70105.2	1453.36	7.6514	-70090.2
-0.00555278	70283.1	1360.5	-3.48565	-70269.9
-0.00525263	70443.1	1263.68	1.65384	-70431.7
-0.00495248	70593.1	1164.07	4.14823	-70583.5
-0.00465233	70729.2	1068.81	-6.39876	-70721.1
-0.00435218	70861.7	972.219	-1.45923	-70855
-0.00405203	70967.5	875.448	4.11275	-70962.1
-0.00375188	71067.1	777.719	10.7858	-71062.8
-0.00345173	71167.7	673.008	-18.5302	-71164.5
-0.00315158	71231.5	585.387	-14.9882	-71229.1
-0.00285143	71305.3	479.574	-7.7279	-71303.7
-0.00255128	71360.7	374.426	-2.50489	-71359.7
-0.00225113	71393.5	264.319	-6.56618	-71393
-0.00195098	71430.2	166.205	-0.728439	-71430
-0.00165083	71435.9	71.3437	4.80025	-71435.9
-0.00135068	71441.9	-23.5175	10.3289	-71441.9
-0.00105053	71438.9	-139.539	-1.62053	-71438.8
-0.000750375	71414.9	-251.553	2.12396	-71414.5
-0.000450225	71391.1	-363.567	5.86844	-71390.2
-0.000150075	71336.5	-461.406	-3.14453	-71335
0.000150075	71276.1	-559.679	1.05348	-71273.9
0.000450225	71215.8	-657.951	5.25149	-71212.7
0.000750375	71105	-760.535	2.21625	-71100.9
0.00105053	71020.6	-876.527	-7.8079	-71015.2
0.00135068	70913.2	-979.522	-4.92836	-70906.5
0.00165083	70792.9	-1083.49	1.95148	-70784.6
0.00195098	70661.8	-1184.71	9.3648	-70651.9
0.00225113	70505.2	-1291.6	-17.542	-70493.4
0.00255128	70339.3	-1398.79	-9.56991	-70325.4
0.00285143	70173.2	-1506.46	-4.80035	-70157
0.00315158	69985	-1603.1	-0.996941	-69966.6
0.00345173	69788.9	-1705.71	5.16201	-69768.1
0.00375188	69587.7	-1809.27	-24.6282	-69564.2
0.00405203	69349.7	-1916.25	-16.8916	-69323.2
0.00435218	69113.1	-2020.51	-9.97144	-69083.6
0.00465233	68872.7	-2114.54	-5.73942	-68840.2
0.00495248	68610.9	-2213.46	-0.58713	-68575.2
0.00525263	68348.3	-2311.66	4.65749	-68309.2
0.00555278	68052.8	-2412.48	8.25877	-68010
0.00585293	67757	-2511.58	-2.25752	-67710.4
0.00615308	67450.5	-2609.88	6.95004	-67400
0.00645323	67132	-2703.95	-3.73457	-67077.5
0.00675338	66813.5	-2800.61	2.02561	-66754.8
0.00705353	66459.7	-2893.33	5.97953	-66396.7
0.00735368	66106.1	-2986.06	9.93343	-66038.6
0.00765383	65744.3	-3072.34	-8.36288	-65672.5
0.00795398	65366.9	-3164.93	-1.15	-65290.2
0.00825413	64980.2	-3249.96	4.6389	-64898.9
0.00855428	64593.8	-3334.99	10.4278	-64507.6
0.00885443	64176.2	-3423.85	-5.06721	-64084.8
0.00915458	63755.6	-3513.17	1.96316	-63658.7
0.00945473	63345.8	-3584.67	10.3567	-63244.3
0.00975488	62898.3	-3671.36	-3.37555	-62791.1
0.010055	62449.6	-3748.8	5.4212	-62337
0.0103552	62001	-3826.24	14.2179	-61882.9
0.0106553	61527.2	-3901.24	10.9631	-61403.4
0.0109555	61056.5	-3977.19	-4.90049	-60926.8
0.0112556	60568.3	-4049.54	1.12727	-60432.8
0.0115558	60081.9	-4118.77	-1.80101	-59940.6
0.0118559	59576.8	-4182.74	2.98104	-59429.8
0.0121561	59070.7	-4252.08	-4.97894	-58917.5
0.0124562	58554.9	-4314.8	-1.82479	-58395.7
0.0127564	58031	-4375.38	0.698047	-57865.8
0.0130565	57495.3	-4429.62	-2.91856	-57324.5
0.0133567	56964.6	-4493.15	-2.68409	-56787.1
0.0136568	56413.7	-4550.96	1.12398	-56229.8
0.013957	55864.3	-4604.76	4.60879	-55674.2
0.0142571	55311.1	-4657.62	-5.65814	-55114.6
0.0145573	54738.9	-4705.83	-1.80003	-54536.2
0.0148574	54169.9	-4750.85	0.590858	-53961.1
0.0151576	53594.7	-4792.6	2.22744	-53380
0.0154577	53015	-4838.77	-2.79556	-52793.7
0.0157579	52426.9	-4879.22	0.60089	-52199.4
0.016058	51835.4	-4919.78	-1.89578	-51601.4
0.0163582	51246.3	-4955.95	-1.65038	-51006.1
0.0166583	50642.2	-4987.67	-0.226826	-50396
0.0169585	50038.3	-5019.39	1.19675	-49785.9
0.0172586	49432.7	-5050.69	-3.20322	-49174
0.0175588	48818.8	-5077.45	-0.886941	-48554
0.0178589	48207.2	-5102.09	0.901681	-47936.4
0.0181591	47590.6	-5124.91	-1.61735	-47313.8
0.0184592	46971.1	-5146.16	-1.90839	-46688.4
0.0187594	46347.7	-5165.51	-1.31651	-46058.9
0.0190595	45725.2	-5181.8	0.627389	-45430.7
0.0193597	45096.9	-5197.42	1.30397	-44796.4
0.0196598	44472.3	-5208.3	1.01621	-44166.3
0.01996	43840.8	-5219.14	0.103512	-43529
0.0202601	43214.2	-5229.32	-0.937501	-42896.7
0.0205603	42582.2	-5235.44	-0.703202	-42259.1
0.0208604	41950	-5239.7	-0.481128	-41621.5
0.0211606	41319	-5242.43	0.0389621	-40985.1
0.0214607	40687.1	-5243.91	0.586258	-40347.7
0.0217609	40054.8	-5241.29	0.246989	-39710.4
0.022061	39422.7	-5238.66	-0.0922894	-39073.1
0.0223612	38792	-5233.4	0.636351	-38437.4
0.0226613	38163.2	-5227.44	0.167965	-37803.5
0.0229615	37530.1	-5215.42	-3.00247	-37166
0.0232616	36902.8	-5210.77	2.72498	-36533
0.0235618	36277.4	-5196.26	0.85232	-35903.3
0.0238619	35652.1	-5181.75	-1.02034	-35273.6
0.0241621	35027.4	-5167.1	1.68621	-34644.2
0.0244622	34406.9	-5149.56	0.6653	-34019.4
0.0247624	33786.5	-5132.02	-0.355588	-33394.5
0.0250625	33172.6	-5109.66	-2.08101	-32776.8
0.0253627	32556.1	-5087.39	4.26023	-32156.2
0.0256628	31946.5	-5066.08	3.56277	-31542.2
0.025963	31334.2	-5041.3	1.05518	-30925.9
0.0262631	30731.5	-5016.06	-0.845165	-30319.4
0.0265633	30130.2	-4987.56	-3.12212	-29714.5
0.0268634	29529	-4959.07	-5.39908	-29109.6
0.0271636	28933.5	-4927.79	1.71094	-28510.8
0.0274637	28341.7	-4896.73	1.51494	-27915.5
0.0277639	27753.2	-4865.16	0.919736	-27323.4
0.028064	27171.9	-4832.03	-0.560332	-26738.9
0.0283642	26593.3	-4798.97	-1.89576	-26156.7
0.0286643	26020.1	-4762.31	1.1272	-25580.6
0.0289645	25445.9	-4723.52	4.44655	-25003.6
0.0292646	24881.2	-4686.95	2.51085	-24435.7
0.0295648	24318.2	-4646.9	-0.121183	-23870.1
0.0298649	23762.5	-4607.8	-1.2379	-23311.5
0.0301651	23209.9	-4566.48	-3.12807	-22756.2
0.0304652	22662.9	-4524.69	2.31013	-22206.6
0.0307654	22121.5	-4481.14	0.12105	-21662.9
0.0310655	21584.3	-4436.97	-2.61356	-21123.3
0.0313657	21054.4	-4394.39	2.93373	-20590.7
0.0316658	20533.3	-4352.62	0.736177	-20066.7
0.031966	20009	-4307.73	3.80023	-19539.8
0.0322661	19493.3	-4264.26	5.98044	-19021.1
0.0325663	18990.1	-4213.9	2.78432	-18516.7
0.0328664	18487.2	-4163.54	-0.411865	-18012.3
0.0331666	17983.3	-4119.36	-2.50993	-17505.1
0.0334667	17495.1	-4069.06	-2.68949	-17015.3
0.0337669	17007.2	-4018.75	-2.8691	-16525.5
0.034067	16533	-3975.82	6.61091	-16047.8
0.0343672	16060.1	-3924.61	3.16064	-15573.1
0.0346673	15591.6	-3874.65	-0.125623	-15102.5
0.0349675	15132.7	-3825.61	-3.5691	-14641.1
0.0352676	14676.6	-3774.88	-7.31229	-14182.8
0.0355678	14227.1	-3724.33	2.23712	-13731
0.0358679	13786.4	-3672.77	-1.88353	-13288.2
0.0361681	13344.9	-3625.26	2.01716	-12843.1
0.0364682	12919.5	-3575.23	1.22302	-12415
0.0367684	12496.6	-3524.8	-1.39774	-11989.2
0.0370685	12074.1	-3474.37	-4.01851	-11563.4
0.0373687	11669.6	-3424.67	3.27043	-11155.8
0.0376688	11264	-3373.52	-1.28428	-10746.9
0.037969	10866	-3322.57	-3.72093	-10345.6
0.0382691	10476.8	-3274	6.72301	-9952.06
0.0385693	10085.7	-3226.17	3.79383	-9555.84
0.0388694	9711.71	-3172.9	0.849312	-9178.78
0.0391696	9338.21	-3119.62	-2.09523	-8801.71
0.0394697	8965.77	-3080.1	-11.4718	-8420.09
0.0397699	8610.49	-3020.15	3.31471	-8063.45
0.04007	8262.31	-2974.63	-0.64398	-7708.27
0.0403702	7915.02	-2929.12	-4.60266	-7353.08
0.0406703	7568.74	-2883.61	-8.56136	-6997.9
0.0409705	7241.22	-2831.98	7.02868	-6664.47
0.0412706	6913.52	-2783.47	4.10913	-6328.43
0.0415708	6587.02	-2734.97	1.18956	-5992.39
0.0418709	6278.06	-2688.72	-1.98429	-5673.17
0.0421711	5972.9	-2645.28	4.91672	-5355.18
0.0424712	5673.26	-2597.51	3.07003	-5043.69
0.0427714	5375.4	-2549.74	1.22335	-4732.2
0.0430715	5088.86	-2506.25	-2.1224	-4428.9
0.0433717	4814.14	-2459.58	-3.56514	-4138.4
0.0436718	4542.6	-2415.46	1.32063	-3847.18
0.043972	4274.16	-2374.4	-0.305288	-3553.97
0.0442721	4025.07	-2331.27	-2.96263	-3281.21
0.0445723	3777.15	-2288.42	-5.03933	-3004.99
0.0448724	3536.61	-2245.04	6.83789	-2732.65
0.0451726	3310.07	-2201.61	3.58384	-2471.73
0.0454727	3089.82	-2159.44	0.512998	-2209.94
0.0457729	2883.71	-2120.38	-0.642289	-1954.42
0.046073	2690.57	-2081.39	-1.44704	-1704.98
0.0463732	2509.06	-2039.52	-0.543575	-1461.43
0.0466733	2343.92	-2000.59	4.62494	-1221.29
0.0469735	2195.7	-1962.28	2.52637	-985.16
0.0472736	2066.91	-1924.69	0.352433	-753.426
0.0475738	1958.23	-1886.39	-0.842799	-525.525
0.0478739	1872.56	-1847.58	-1.14773	-304.824
0.0481741	1814.76	-1812.69	-2.82156	-86.6513
0.0484742	1781.84	-1777.41	0.64224	125.505
0.0487744	1774.01	-1741.9	-1.92466	335.99
0.0490745	1790.56	-1706.94	-4.04884	540.783
0.0493747	1831.05	-1677.56	-1.05925	733.845
0.0496748	1895.08	-1641	-1.93301	947.859
0.049975	1963.04	-1604.38	-2.03067	1131.14
0.0502751	2045.88	-1567.77	-2.12833	1314.43
0.0505753	2141.87	-1531.16	-2.226	1497.72
0.0508754	2249.32	-1494.54	-2.32366	1681
0.0511756	2396.46	-1496.07	-7.54887	1872.1
0.0514757	2502.73	-1450.7	-4.98158	2039.39
0.0517759	2615.02	-1404.23	-5.68409	2206
0.052076	2736.95	-1380.18	-8.93107	2363.46
0.0523762	2862.56	-1356.12	-12.178	2520.92
0.0526763	2991.38	-1332.07	-15.425	2678.37
0.0529765	3123.01	-1308.01	-18.672	2835.83
0.0532766	3257.11	-1283.96	-21.919	2993.29
0.0535768	3393.4	-1259.9	-25.1659	3150.74
0.0538769	3531.62	-1235.85	-28.4129	3308.2
0.0541771	3651.12	-1185.51	-3.10895	3453.29
0.0544772	3771.02	-1164.47	-5.21738	3586.72
0.0547774	3891.92	-1143.43	-7.3258	3720.16
0.0550775	4013.73	-1122.39	-9.43422	3853.59
0.0553777	4136.36	-1101.34	-11.5426	3987.02
0.0556778	4259.74	-1080.3	-13.6511	4120.46
0.055978	4383.82	-1059.26	-15.7595	4253.89
0.0562781	4466	-1024.07	0.336773	4347.01
0.0565783	4576.36	-1004.05	-2.64129	4464.86
0.0568784	4687.17	-984.023	-5.61936	4582.71
0.0571786	4811.1	-948.053	14.5365	4716.75
0.0574787	4908.96	-927.911	7.55254	4820.45
0.0577789	5007.13	-907.769	0.568613	4924.16
0.058079	5105.62	-887.628	-6.41532	5027.86
0.0583792	5204.39	-867.486	-13.3992	5131.57
0.0586793	5303.44	-847.344	-20.3832	5235.28
0.0589795	5401.84	-827.475	-26.7499	5338.02
0.0592796	5499.5	-812.373	-30.0863	5439.08
0.0595798	5597.32	-797.271	-33.4226	5540.14
0.0598799	5695.29	-782.169	-36.7589	5641.2
0.0601801	5793.41	-767.067	-40.0952	5742.26
0.0604802	5893.57	-751.607	20.7508	5845.41
0.0607804	5968.86	-734.656	19.1748	5923.45
0.0610805	6044.27	-717.705	17.5989	6001.48
0.0613807	6119.79	-700.754	16.0229	6079.52
0.0616808	6195.42	-683.802	14.4469	6157.55
0.061981	6271.16	-666.851	12.871	6235.59
0.0622811	6346.99	-649.9	11.295	6313.62
0.0625813	6422.93	-632.949	9.71903	6391.66
0.0628814	6498.96	-615.997	8.14307	6469.69
0.0631816	6575.08	-599.046	6.5671	6547.73
0.0634817	6651.29	-582.095	4.99113	6625.77
0.0637819	6707.78	-599.534	-6.93723	6680.93
0.064082	6768.22	-584.213	-9.62682	6742.95
0.0643822	6828.72	-568.892	-12.3164	6804.97
0.0646823	6889.29	-553.571	-15.006	6867
0.0649825	6949.92	-538.25	-17.6956	6929.02
0.0652826	7010.6	-522.929	-20.3852	6991.04
0.0655828	7071.35	-507.608	-23.0748	7053.07
0.0658829	7132.15	-492.287	-25.7644	7115.09
0.0661831	7193	-476.966	-28.454	7177.11
0.0664832	7253.91	-461.645	-31.1436	7239.13
0.0667834	7314.87	-446.324	-33.8332	7301.16
0.0670835	7375.88	-431.003	-36.5228	7363.18
0.0673837	7436.93	-415.682	-39.2124	7425.2
0.0676838	7452.46	-433.944	4.78089	7439.81
0.067984	7550.51	-434.589	-6.69475	7537.99
0.0682841	7586.78	-421.655	-10.4825	7575.05
0.0685843	7623.09	-408.722	-14.2703	7612.11
0.0688844	7644.95	-361.382	-35.9205	7636.32
0.0691846	7686.59	-355.384	-38.1279	7678.28
0.0694847	7728.24	-349.386	-40.3354	7720.23
0.0697849	7769.89	-343.388	-42.5429	7762.19
0.070085	7811.56	-337.39	-44.7503	7804.14
0.0703852	7853.23	-331.392	-46.9578	7846.1
0.0706853	7894.91	-325.394	-49.1653	7888.05
0.0709855	7936.6	-319.395	-51.3728	7930
0.0712856	7978.3	-313.397	-53.5802	7971.96
0.0715858	8020	-307.399	-55.7877	8013.91
0.0718859	8061.71	-301.401	-57.9952	8055.87
0.0721861	8103.43	-295.403	-60.2026	8097.82
0.0724862	8145.16	-289.405	-62.4101	8139.78
0.0727864	8186.89	-283.407	-64.6176	8181.73
0.0730865	8228.64	-277.408	-66.825	8223.69
0.0733867	8270.38	-271.41	-69.0325	8265.64
0.0736868	8312.14	-265.412	-71.24	8307.6
0.073987	8339.77	-259.404	62.0052	8335.5
0.0742871	8362.17	-253.773	58.515	8358.11
0.0745873	8384.57	-248.142	55.0248	8380.72
0.0748874	8406.98	-242.51	51.5345	8403.32
0.0751876	8429.4	-236.879	48.0443	8425.93
0.0754877	8451.82	-231.248	44.5541	8448.54
0.0757879	8474.25	-225.616	41.0639	8471.15
0.076088	8496.69	-219.985	37.5737	8493.75
0.0763882	8519.13	-214.353	34.0834	8516.36
0.0766883	8541.57	-208.722	30.5932	8538.97
0.0769885	8564.03	-203.091	27.103	8561.58
0.0772886	8586.49	-197.459	23.6128	8584.18
0.0775888	8608.95	-191.828	20.1225	8606.79
0.0778889	8631.42	-186.196	16.6323	8629.4
0.0781891	8653.9	-180.565	13.1421	8652.01
0.0784892	8676.38	-174.934	9.65187	8674.61
0.0787894	8698.87	-169.302	6.16164	8697.22
0.0790895	8712.97	-158.099	-3.80799	8711.54
0.0793897	8735.61	-156	-6.19878	8734.22
0.0796898	8758.26	-153.901	-8.58957	8756.9
0.07999	8780.9	-151.802	-10.9804	8779.58
0.0802901	8803.55	-149.702	-13.3712	8802.27
0.0805903	8826.2	-147.603	-15.7619	8824.95
0.0808904	8848.84	-145.504	-18.1527	8847.63
0.0811906	8871.49	-143.405	-20.5435	8870.31
0.0814907	8894.15	-141.305	-22.9343	8892.99
0.0817909	8916.8	-139.206	-25.3251	8915.67
0.082091	8938.18	-135.136	23.8962	8937.13
0.0823912	8950.56	-132.453	22.8122	8949.55
0.0826913	8962.95	-129.77	21.7282	8961.98
0.0829915	8975.33	-127.086	20.6442	8974.41
0.0832916	8987.71	-124.403	19.5602	8986.83
0.0835918	9000.1	-121.72	18.4762	8999.26
0.0838919	9012.48	-119.036	17.3922	9011.68
0.0841921	9024.87	-116.353	16.3082	9024.11
0.0844922	9037.26	-113.67	15.2242	9036.53
0.0847924	9049.65	-110.986	14.1402	9048.96
0.0850925	9062.04	-108.303	13.0562	9061.38
0.0853927	9074.43	-105.619	11.9722	9073.81
0.0856928	9086.82	-102.936	10.8882	9086.23
0.085993	9099.21	-100.253	9.80424	9098.66
0.0862931	9111.61	-97.5694	8.72024	9111.08
0.0865933	9124	-94.886	7.63624	9123.51
0.0868934	9130	-89.3252	1.95142	9129.56
0.0871936	9140.53	-87.9782	0.574715	9140.1
0.0874937	9151.06	-86.6311	-0.801988	9150.65
0.0877939	9161.58	-85.2841	-2.17869	9161.19
0.088094	9172.11	-83.9371	-3.55539	9171.73
0.0883942	9182.64	-82.59	-4.9321	9182.27
0.0886943	9193.17	-81.243	-6.3088	9192.81
0.0889945	9203.7	-79.8959	-7.6855	9203.35
0.0892946	9214.23	-78.5489	-9.06221	9213.89
0.0895948	9224.76	-77.2019	-10.4389	9224.43
0.0898949	9235.33	-75.181	3.83938	9235.02
0.0901951	9243.03	-73.5611	3.64628	9242.73
0.0904952	9250.72	-71.9411	3.45318	9250.44
0.0907954	9258.42	-70.3212	3.26008	9258.15
0.0910955	9266.12	-68.7012	3.06698	9265.86
0.0913957	9273.82	-67.0813	2.87388	9273.57
0.0916958	9281.52	-65.4613	2.68078	9281.29
0.091996	9289.22	-63.8414	2.48768	9289
0.0922961	9296.92	-62.2214	2.29458	9296.71
0.0925963	9304.62	-60.6015	2.10148	9304.42
0.0928964	9312.32	-58.9815	1.90838	9312.13
0.0931966	9320.02	-57.3616	1.71528	9319.84
0.0934967	9327.72	-55.7416	1.52217	9327.55
0.0937969	9335.42	-54.1217	1.32907	9335.26
0.094097	9343.12	-52.5017	1.13597	9342.97
0.0943972	9358.68	-52.8593	7.73499	9358.53
0.0946973	9362.76	-51.5392	7.16732	9362.61
0.0949975	9366.83	-50.2192	6.59965	9366.7
0.0952976	9370.91	-48.8991	6.03198	9370.78
0.0955978	9374.98	-47.579	5.46431	9374.86
0.0958979	9379.06	-46.2589	4.89664	9378.94
0.0961981	9383.13	-44.9389	4.32897	9383.02
0.0964982	9387.21	-43.6188	3.7613	9387.11
0.0967984	9391.28	-42.2987	3.19363	9391.19
0.0970985	9395.36	-40.9787	2.62596	9395.27
0.0973987	9399.44	-39.6586	2.05829	9399.35
0.0976988	9403.51	-38.3385	1.49062	9403.43
0.097999	9407.59	-37.0184	0.922948	9407.52
0.0982991	9411.66	-35.6984	0.355277	9411.6
0.0985993	9415.74	-34.3783	-0.212393	9415.68
0.0988994	9419.82	-33.0582	-0.780064	9419.76
0.0991996	9422.48	-30.188	-2.47881	9422.44
0.0994997	9427.21	-29.6942	-3.07531	9427.16
0.0997999	9431.94	-29.2003	-3.67181	9431.89
0.1001	9436.66	-28.7064	-4.26831	9436.62
0.1004	9441.39	-28.2125	-4.8648	9441.35
0.1007	9446.12	-27.7186	-5.4613	9446.07
0.101001	9450.84	-27.2247	-6.0578	9450.8
0.101301	9455.57	-26.7309	-6.65429	9455.53
0.101601	9460.3	-26.237	-7.25079	9460.26
0.101901	9463.61	-25.8742	6.17457	9463.57
0.102201	9466.02	-25.3833	5.92259	9465.99
0.102501	9468.44	-24.8924	5.67061	9468.4
0.102801	9470.85	-24.4015	5.41863	9470.82
0.103102	9473.27	-23.9107	5.16665	9473.24
0.103402	9475.68	-23.4198	4.91467	9475.65
0.103702	9478.1	-22.9289	4.66269	9478.07
0.104002	9480.51	-22.438	4.41071	9480.49
0.104302	9482.93	-21.9471	4.15873	9482.9
0.104602	9485.35	-21.4563	3.90675	9485.32
0.104902	9487.76	-20.9654	3.65477	9487.74
0.105203	9490.18	-20.4745	3.4028	9490.15
0.105503	9492.59	-19.9836	3.15082	9492.57
0.105803	9495.01	-19.4927	2.89884	9494.99
0.106103	9497.43	-19.0019	2.64686	9497.41
0.106403	9499.84	-18.511	2.39488	9499.82
0.106703	9502.26	-18.0201	2.1429	9502.24
0.107004	9505.15	-17.9292	2.27093	9505.13
0.107304	9507.32	-17.6342	2.08016	9507.3
0.107604	9509.49	-17.3392	1.88938	9509.48
0.107904	9511.66	-17.0443	1.69861	9511.65
0.108204	9513.84	-16.7493	1.50784	9513.82
0.108504	9516.01	-16.4544	1.31706	9515.99
0.108804	9518.18	-16.1594	1.12629	9518.17
0.109105	9520.35	-15.8644	0.935516	9520.34
0.109405	9522.52	-15.5695	0.744743	9522.51
0.109705	9524.69	-15.2745	0.55397	9524.68
0.110005	9526.87	-14.9796	0.363197	9526.85
0.110305	9529.04	-14.6846	0.172424	9529.03
0.110605	9531.21	-14.3897	-0.0183493	9531.2
0.110905	9533.49	-13.6726	-0.500259	9533.48
0.111206	9534.76	-13.3881	-0.54445	9534.75
0.111506	9536.04	-13.1037	-0.588642	9536.03
0.111806	9537.31	-12.8192	-0.632833	9537.3
0.112106	9538.58	-12.5347	-0.677025	9538.57
0.112406	9539.85	-12.2502	-0.721217	9539.84
0.112706	9541.12	-11.9657	-0.765408	9541.12
0.113007	9542.4	-11.6812	-0.8096	9542.39
0.113307	9543.67	-11.3967	-0.853791	9543.66
0.113607	9544.94	-11.1122	-0.897982	9544.93
0.113907	9546.21	-10.8278	-0.942174	9546.21
0.114207	9547.49	-10.5433	-0.986366	9547.48
0.114507	9548.76	-10.2588	-1.03056	9548.75
0.114807	9550.03	-9.9743	-1.07475	9550.03
0.115108	9551.3	-9.68982	-1.11894	9551.3
0.115408	9552.58	-9.40533	-1.16313	9552.57
0.115708	9553.85	-9.12085	-1.20732	9553.84
0.116008	9555.12	-8.83636	-1.25151	9555.12
0.116308	9554.58	-7.88752	1.63017	9554.58
0.116608	9555.52	-7.79479	1.4719	9555.52
0.116908	9556.46	-7.70206	1.31363	9556.45
0.117209	9557.4	-7.60933	1.15536	9557.39
0.117509	9558.34	-7.51661	0.997085	9558.33
0.117809	9559.27	-7.42388	0.838815	9559.27
0.118109	9560.21	-7.33115	0.680544	9560.21
0.118409	9561.15	-7.23842	0.522274	9561.15
0.118709	9562.09	-7.14569	0.364004	9562.09
0.11901	9563.03	-7.05296	0.205733	9563.03
0.11931	9563.97	-6.96024	0.0474632	9563.97
0.11961	9564.91	-6.86751	-0.110807	9564.91
0.11991	9565.85	-6.77478	-0.269077	9565.85
0.12021	9566.79	-6.68205	-0.427348	9566.79
0.12051	9567.73	-6.58932	-0.585618	9567.72
0.12081	9568.67	-6.4966	-0.743888	9568.66
0.121111	9570.82	-5.86566	0.64901	9570.82
0.121411	9571.3	-5.7483	0.615077	9571.29
0.121711	9571.77	-5.63094	0.581145	9571.77
0.122011	9572.24	-5.51358	0.547213	9572.24
0.122311	9572.72	-5.39622	0.513281	9572.71
0.122611	9573.19	-5.27886	0.479349	9573.19
0.122911	9573.66	-5.1615	0.445417	9573.66
0.123212	9574.14	-5.04414	0.411485	9574.13
0.123512	9574.61	-4.92678	0.377552	9574.61
0.123812	9575.08	-4.80942	0.34362	9575.08
0.124112	9575.56	-4.69206	0.309688	9575.55
0.124412	9576.03	-4.5747	0.275756	9576.03
0.124712	9576.5	-4.45734	0.241824	9576.5
0.125013	9576.97	-4.33998	0.207891	9576.97
0.125313	9577.45	-4.22262	0.173959	9577.45
0.125613	9577.92	-4.10526	0.140027	9577.92
0.125913	9578.39	-3.9879	0.106095	9578.39
0.126213	9578.87	-3.87054	0.0721628	9578.87
0.126513	9579.34	-3.75318	0.0382305	9579.34
0.126813	9579.92	-3.75697	0.107366	9579.92
0.127114	9580.35	-3.69623	0.0552613	9580.35
0.127414	9580.78	-3.63548	0.00315654	9580.77
0.127714	9581.2	-3.57474	-0.0489482	9581.2
0.128014	9581.63	-3.514	-0.101053	9581.63
0.128314	9582.05	-3.45325	-0.153158	9582.05
0.128614	9582.48	-3.39251	-0.205263	9582.48
0.128914	9582.9	-3.33177	-0.257367	9582.9
0.129215	9583.33	-3.27102	-0.309472	9583.33
0.129515	9583.75	-3.21028	-0.361577	9583.75
0.129815	9584.18	-3.14954	-0.413682	9584.18
0.130115	9584.6	-3.08879	-0.465787	9584.6
0.130415	9585.03	-3.02805	-0.517891	9585.03
0.130715	9585.63	-2.87148	0.215456	9585.63
0.131016	9585.87	-2.80423	0.187478	9585.87
0.131316	9586.11	-2.73699	0.1595	9586.11
0.131616	9586.34	-2.66975	0.131522	9586.34
0.131916	9586.58	-2.6025	0.103544	9586.58
0.132216	9586.81	-2.53526	0.0755664	9586.81
0.132516	9587.05	-2.46802	0.0475885	9587.05
0.132816	9587.29	-2.40078	0.0196107	9587.29
0.133117	9587.52	-2.33353	-0.00836708	9587.52
0.133417	9587.76	-2.26629	-0.036345	9587.76
0.133717	9587.99	-2.19905	-0.0643228	9587.99
0.134017	9588.23	-2.1318	-0.0923005	9588.23
0.134317	9588.47	-2.06456	-0.120278	9588.47
0.134617	9588.7	-1.99732	-0.148256	9588.7
0.134917	9588.94	-1.93007	-0.176234	9588.94
0.135218	9589.17	-1.86283	-0.204212	9589.17
0.135518	9589.41	-1.79559	-0.23219	9589.41
0.135818	9589.65	-1.72834	-0.260168	9589.65
0.136118	9589.88	-1.6611	-0.288145	9589.88
0.136418	9590.1	-1.59992	0.191249	9590.1
0.136718	9590.29	-1.57347	0.160106	9590.29
0.137019	9590.49	-1.54703	0.128964	9590.49
0.137319	9590.68	-1.52058	0.0978214	9590.68
0.137619	9590.87	-1.49414	0.066679	9590.87
0.137919	9591.07	-1.46769	0.0355364	9591.07
0.138219	9591.26	-1.44125	0.00439373	9591.26
0.138519	9591.46	-1.4148	-0.0267486	9591.46
0.138819	9591.65	-1.38836	-0.0578913	9591.65
0.13912	9591.84	-1.36192	-0.0890337	9591.84
0.13942	9592.04	-1.33547	-0.120176	9592.04
0.13972	9592.23	-1.30903	-0.151319	9592.23
0.14002	9592.42	-1.28258	-0.182461	9592.42
0.14032	9592.62	-1.25614	-0.213604	9592.62
0.14062	9592.82	-1.18212	0.110049	9592.82
0.14092	9592.93	-1.15856	0.105813	9592.93
0.141221	9593.04	-1.135	0.101578	9593.04
0.141521	9593.15	-1.11143	0.0973421	9593.15
0.141821	9593.26	-1.08787	0.0931066	9593.26
0.142121	9593.37	-1.06431	0.088871	9593.37
0.142421	9593.48	-1.04075	0.0846353	9593.48
0.142721	9593.59	-1.01719	0.0803999	9593.59
0.143022	9593.7	-0.993628	0.0761644	9593.7
0.143322	9593.82	-0.970066	0.0719287	9593.82
0.143622	9593.93	-0.946505	0.0676932	9593.93
0.143922	9594.04	-0.922943	0.0634577	9594.04
0.144222	9594.15	-0.899382	0.0592221	9594.15
0.144522	9594.26	-0.875821	0.0549866	9594.26
0.144822	9594.37	-0.852259	0.050751	9594.37
0.145123	9594.48	-0.828698	0.0465155	9594.48
0.145423	9594.59	-0.805137	0.0422798	9594.59
0.145723	9594.75	-0.804482	0.0721387	9594.75
0.146023	9594.84	-0.788761	0.0635842	9594.84
0.146323	9594.92	-0.77304	0.0550296	9594.92
0.146623	9595.01	-0.757318	0.0464752	9595.01
0.146923	9595.1	-0.741596	0.0379208	9595.1
0.147224	9595.18	-0.725875	0.0293662	9595.18
0.147524	9595.27	-0.710154	0.0208118	9595.27
0.147824	9595.35	-0.694432	0.0122573	9595.35
0.148124	9595.44	-0.678711	0.00370287	9595.44
0.148424	9595.53	-0.66299	-0.00485156	9595.53
0.148724	9595.61	-0.647268	-0.013406	9595.61
0.149025	9595.7	-0.631547	-0.0219606	9595.7
0.149325	9595.79	-0.615826	-0.030515	9595.79
0.149625	9595.87	-0.600104	-0.0390695	9595.87
0.149925	9595.96	-0.584383	-0.047624	9595.96
0.150225	9596.05	-0.568662	-0.0561784	9596.04
0.150525	9596.13	-0.55294	-0.0647328	9596.13
0.150825	9596.22	-0.537219	-0.0732874	9596.22
0.151126	9596.22	-0.552264	-0.0309409	9596.22
0.151426	9596.27	-0.539537	-0.0304077	9596.27
0.151726	9596.32	-0.52681	-0.0298746	9596.32
0.152026	9596.36	-0.514084	-0.0293413	9596.36
0.152326	9596.41	-0.501356	-0.028808	9596.41
0.152626	9596.46	-0.488629	-0.0282748	9596.46
0.152926	9596.51	-0.475902	-0.0277416	9596.51
0.153227	9596.56	-0.463176	-0.0272083	9596.56
0.153527	9596.61	-0.450449	-0.026675	9596.61
0.153827	9596.66	-0.437722	-0.0261418	9596.66
0.154127	9596.7	-0.424995	-0.0256085	9596.7
0.154427	9596.75	-0.412268	-0.0250753	9596.75
0.154727	9596.8	-0.399541	-0.024542	9596.8
0.155028	9596.85	-0.386814	-0.0240087	9596.85
0.155328	9596.9	-0.374087	-0.0234756	9596.9
0.155628	9596.95	-0.36136	-0.0229423	9596.95
0.155928	9597	-0.348633	-0.0224091	9597
0.156228	9597.02	-0.330431	0.038813	9597.02
0.156528	9597.06	-0.327084	0.0325449	9597.06
0.156828	9597.1	-0.323736	0.0262769	9597.1
0.157129	9597.14	-0.320388	0.0200087	9597.14
0.157429	9597.17	-0.31704	0.0137407	9597.17
0.157729	9597.21	-0.313693	0.00747252	9597.21
0.158029	9597.25	-0.310345	0.00120452	9597.25
0.158329	9597.29	-0.306997	-0.00506355	9597.29
0.158629	9597.32	-0.303649	-0.0113317	9597.32
0.158929	9597.36	-0.300301	-0.0175997	9597.36
0.15923	9597.4	-0.296953	-0.0238677	9597.4
0.15953	9597.43	-0.293606	-0.0301359	9597.43
0.15983	9597.47	-0.290258	-0.0364042	9597.47
0.16013	9597.51	-0.28691	-0.042672	9597.51
0.16043	9597.61	-0.242399	0.0267342	9597.61
0.16073	9597.63	-0.238132	0.0258725	9597.63
0.161031	9597.65	-0.233864	0.0250108	9597.65
0.161331	9597.67	-0.229597	0.0241491	9597.67
0.161631	9597.7	-0.225329	0.0232873	9597.7
0.161931	9597.72	-0.221061	0.0224258	9597.72
0.162231	9597.74	-0.216794	0.0215641	9597.74
0.162531	9597.76	-0.212526	0.0207025	9597.76
0.162831	9597.78	-0.208259	0.0198407	9597.78
0.163132	9597.8	-0.203991	0.0189791	9597.8
0.163432	9597.82	-0.199724	0.0181175	9597.82
0.163732	9597.84	-0.195456	0.0172558	9597.84
0.164032	9597.86	-0.191188	0.0163942	9597.86
0.164332	9597.88	-0.186921	0.0155324	9597.88
0.164632	9597.91	-0.182653	0.0146707	9597.91
0.164932	9597.93	-0.178386	0.0138091	9597.93
0.165233	9597.95	-0.174118	0.0129474	9597.95
0.165533	9597.97	-0.169851	0.0120858	9597.97
0.165833	9597.99	-0.165583	0.011224	9597.99
0.166133	9598.01	-0.161316	0.0103624	9598.01
0.166433	9598.03	-0.157048	0.00950077	9598.03
0.166733	9598.04	-0.143243	-0.0018087	9598.04
0.167034	9598.06	-0.141023	-0.00377568	9598.06
0.167334	9598.07	-0.138804	-0.00574273	9598.07
0.167634	9598.09	-0.136585	-0.00770968	9598.09
0.167934	9598.11	-0.134366	-0.00967657	9598.11
0.168234	9598.12	-0.132146	-0.0116436	9598.12
0.168534	9598.14	-0.129927	-0.0136107	9598.14
0.168834	9598.16	-0.127708	-0.0155776	9598.16
0.169135	9598.18	-0.125488	-0.0175448	9598.18
0.169435	9598.19	-0.123269	-0.0195116	9598.19
0.169735	9598.21	-0.12105	-0.0214788	9598.21
0.170035	9598.23	-0.11883	-0.0234457	9598.23
0.170335	9598.25	-0.116611	-0.0254127	9598.25
0.170635	9598.26	-0.114392	-0.0273797	9598.26
0.170935	9598.28	-0.107162	0.0162036	9598.28
0.171236	9598.29	-0.104782	0.0152663	9598.29
0.171536	9598.3	-0.102402	0.0143293	9598.3
0.171836	9598.31	-0.100022	0.0133921	9598.31
0.172136	9598.32	-0.0976419	0.0124548	9598.32
0.172436	9598.33	-0.0952621	0.0115176	9598.33
0.172736	9598.34	-0.0928822	0.0105804	9598.34
0.173037	9598.35	-0.0905024	0.00964331	9598.35
0.173337	9598.36	-0.0881223	0.00870611	9598.36
0.173637	9598.37	-0.0857425	0.00776893	9598.37
0.173937	9598.38	-0.0833624	0.00683175	9598.38
0.174237	9598.39	-0.0809825	0.00589445	9598.39
0.174537	9598.4	-0.0786026	0.00495748	9598.4
0.174837	9598.41	-0.0762224	0.00402024	9598.41
0.175138	9598.42	-0.0738426	0.00308309	9598.42
0.175438	9598.43	-0.0714628	0.00214588	9598.43
0.175738	9598.44	-0.0713117	0.00397657	9598.44
0.176038	9598.45	-0.0700263	0.00310563	9598.45
0.176338	9598.46	-0.0687411	0.00223452	9598.46
0.176638	9598.46	-0.0674559	0.00136353	9598.46
0.176938	9598.47	-0.0661704	0.000492535	9598.47
0.177239	9598.48	-0.064885	-0.000378461	9598.48
0.177539	9598.49	-0.0635997	-0.00124947	9598.49
0.177839	9598.5	-0.0623144	-0.00212043	9598.5
0.178139	9598.5	-0.0610291	-0.00299147	9598.5
0.178439	9598.51	-0.0597437	-0.00386256	9598.51
0.178739	9598.52	-0.0584584	-0.00473353	9598.52
0.17904	9598.53	-0.0571731	-0.00560469	9598.53
0.17934	9598.53	-0.0558876	-0.00647562	9598.53
0.17964	9598.54	-0.0546026	-0.00734678	9598.54
0.17994	9598.55	-0.0533171	-0.00821775	9598.55
0.18024	9598.56	-0.0520317	-0.00908855	9598.56
0.18054	9598.56	-0.0507463	-0.00995982	9598.56
0.18084	9598.57	-0.0494612	-0.0108308	9598.57
0.181141	9598.57	-0.0494238	0.00801402	9598.57
0.181441	9598.58	-0.048155	0.00759604	9598.58
0.181741	9598.58	-0.0468863	0.00717807	9598.58
0.182041	9598.59	-0.0456176	0.00676014	9598.59
0.182341	9598.59	-0.0443489	0.00634223	9598.59
0.182641	9598.6	-0.0430804	0.00592438	9598.6
0.182941	9598.6	-0.0418115	0.00550639	9598.6
0.183242	9598.6	-0.0405429	0.00508836	9598.6
0.183542	9598.61	-0.0392744	0.00467043	9598.61
0.183842	9598.61	-0.0380054	0.00425258	9598.61
0.184142	9598.62	-0.0367367	0.00383456	9598.62
0.184442	9598.62	-0.0354679	0.00341657	9598.62
0.184742	9598.63	-0.0341993	0.00299866	9598.63
0.185043	9598.63	-0.0329305	0.00258077	9598.63
0.185343	9598.63	-0.0316618	0.00216277	9598.63
0.185643	9598.64	-0.0303932	0.00174489	9598.64
0.185943	9598.64	-0.0291244	0.00132693	9598.64
0.186243	9598.65	-0.0286867	0.00287292	9598.65
0.186543	9598.65	-0.0281957	0.00230815	9598.65
0.186843	9598.65	-0.0277048	0.00174359	9598.65
0.187144	9598.66	-0.0272137	0.00117886	9598.66
0.187444	9598.66	-0.0267226	0.00061416	9598.66
0.187744	9598.66	-0.0262315	4.93875e-05	9598.66
0.188044	9598.67	-0.0257404	-0.000515213	9598.67
0.188344	9598.67	-0.0252493	-0.00107991	9598.67
0.188644	9598.68	-0.0247585	-0.00164458	9598.68
0.188944	9598.68	-0.0242673	-0.00220921	9598.68
0.189245	9598.68	-0.0237761	-0.00277394	9598.68
0.189545	9598.69	-0.0232853	-0.00333872	9598.69
0.189845	9598.69	-0.022794	-0.00390339	9598.69
0.190145	9598.69	-0.0223032	-0.00446817	9598.69
0.190445	9598.7	-0.0211552	0.00215715	9598.7
0.190745	9598.7	-0.0208188	0.00210567	9598.7
0.191046	9598.7	-0.0204824	0.00205427	9598.7
0.191346	9598.7	-0.0201464	0.00200269	9598.7
0.191646	9598.7	-0.0198102	0.00195102	9598.7
0.191946	9598.71	-0.0194742	0.00189955	9598.71
0.192246	9598.71	-0.0191379	0.00184795	9598.71
0.192546	9598.71	-0.0188017	0.00179642	9598.71
0.192846	9598.71	-0.0184655	0.00174501	9598.71
0.193147	9598.71	-0.0181292	0.00169335	9598.71
0.193447	9598.72	-0.0177929	0.00164195	9598.72
0.193747	9598.72	-0.0174567	0.0015902	9598.72
0.194047	9598.72	-0.0171206	0.00153871	9598.72
0.194347	9598.72	-0.0167846	0.00148728	9598.72
0.194647	9598.72	-0.0164485	0.00143573	9598.72
0.194947	9598.73	-0.0161122	0.00138415	9598.73
0.195248	9598.73	-0.015776	0.0013325	9598.73
0.195548	9598.73	-0.01544	0.00128092	9598.73
0.195848	9598.73	-0.0151041	0.00122954	9598.73
0.196148	9598.73	-0.0147673	0.001178	9598.73
0.196448	9598.74	-0.0144311	0.00112639	9598.74
0.196748	9598.74	-0.0131761	-9.26885e-05	9598.74
0.197049	9598.74	-0.0129812	-0.000295017	9598.74
0.197349	9598.74	-0.0127859	-0.000496931	9598.74
0.197649	9598.74	-0.0125913	-0.000699164	9598.74
0.197949	9598.74	-0.0123955	-0.000901307	9598.74
0.198249	9598.75	-0.0122007	-0.00110334	9598.75
0.198549	9598.75	-0.0120052	-0.00130559	9598.75
0.198849	9598.75	-0.0118103	-0.0015077	9598.75
0.19915	9598.75	-0.0116153	-0.00170984	9598.75
0.19945	9598.75	-0.0114197	-0.00191195	9598.75
0.19975	9598.75	-0.0112246	-0.00211424	9598.75
0.20005	9598.75	-0.0110299	-0.00231625	9598.75
0.20035	9598.76	-0.0108343	-0.00251816	9598.76
0.20065	9598.76	-0.0101493	0.00110761	9598.76
0.20095	9598.76	-0.00991847	0.0010542	9598.76
0.201251	9598.76	-0.00968766	0.00100037	9598.76
0.201551	9598.76	-0.00945701	0.000946579	9598.76
0.201851	9598.76	-0.00922667	0.000892876	9598.76
0.202151	9598.76	-0.00899586	0.000839132	9598.76
0.202451	9598.76	-0.00876515	0.000785348	9598.76
0.202751	9598.76	-0.00853457	0.000731736	9598.76
0.203052	9598.77	-0.00830392	0.000677945	9598.77
0.203352	9598.77	-0.00807327	0.00062427	9598.77
0.203652	9598.77	-0.00784264	0.000570531	9598.77
0.203952	9598.77	-0.00761213	0.000516966	9598.77
0.204252	9598.77	-0.00738117	0.000463356	9598.77
0.204552	9598.77	-0.00715069	0.000409393	9598.77
0.204852	9598.77	-0.00692016	0.000355717	9598.77
0.205153	9598.77	-0.00668911	0.00030209	9598.77
0.205453	9598.77	-0.00645915	0.000248257	9598.77
0.205753	9598.77	-0.00648961	0.000528858	9598.77
0.206053	9598.77	-0.00634976	0.000450885	9598.77
0.206353	9598.78	-0.00621007	0.000372766	9598.78
0.206653	9598.78	-0.00607008	0.000294553	9598.78
0.206953	9598.78	-0.00593032	0.000216479	9598.78
0.207254	9598.78	-0.00579054	0.000138436	9598.78
0.207554	9598.78	-0.00565071	6.0404e-05	9598.78
0.207854	9598.78	-0.00551075	-1.774e-05	9598.78
0.208154	9598.78	-0.00537094	-9.58384e-05	9598.78
0.208454	9598.78	-0.00523113	-0.000173918	9598.78
0.208754	9598.78	-0.00509137	-0.00025201	9598.78
0.209055	9598.78	-0.00495167	-0.000330103	9598.78
0.209355	9598.78	-0.00481188	-0.000408275	9598.78
0.209655	9598.78	-0.00467186	-0.000486381	9598.78
0.209955	9598.78	-0.00453223	-0.00056438	9598.78
0.210255	9598.78	-0.00439246	-0.00064255	9598.78
0.210555	9598.79	-0.00425266	-0.000720521	9598.79
0.210855	9598.79	-0.00444113	-0.000229112	9598.79
0.211156	9598.79	-0.00433686	-0.000221108	9598.79
0.211456	9598.79	-0.00423306	-0.000213025	9598.79
0.211756	9598.79	-0.00412883	-0.000204852	9598.79
0.212056	9598.79	-0.0040247	-0.000196655	9598.79
0.212356	9598.79	-0.0039211	-0.000188685	9598.79
0.212656	9598.79	-0.00381706	-0.000180493	9598.79
0.212956	9598.79	-0.00371237	-0.000172413	9598.79
0.213257	9598.79	-0.00360898	-0.000164212	9598.79
0.213557	9598.79	-0.00350457	-0.000156043	9598.79
0.213857	9598.79	-0.00340103	-0.000148165	9598.79
0.214157	9598.79	-0.00329647	-0.000139879	9598.79
0.214457	9598.79	-0.00319221	-0.000131947	9598.79
0.214757	9598.79	-0.00308853	-0.000123598	9598.79
0.215058	9598.79	-0.00298381	-0.000115933	9598.79
0.215358	9598.79	-0.00288079	-0.000107723	9598.79
0.215658	9598.79	-0.0027767	-9.90297e-05	9598.79
0.215958	9598.79	-0.00289567	0.000415642	9598.79
0.216258	9598.79	-0.00286028	0.000373936	9598.79
0.216558	9598.79	-0.00282435	0.000331756	9598.79
0.216858	9598.79	-0.00278884	0.000289845	9598.79
0.217159	9598.79	-0.00275358	0.000247808	9598.79
0.217459	9598.79	-0.00271811	0.000205645	9598.79
0.217759	9598.79	-0.00268253	0.000163729	9598.79
0.218059	9598.79	-0.00264707	0.000121637	9598.79
0.218359	9598.79	-0.00261159	7.95253e-05	9598.79
0.218659	9598.8	-0.00257639	3.7542e-05	9598.8
0.218959	9598.8	-0.00254098	-4.30799e-06	9598.8
0.21926	9598.8	-0.00250535	-4.65541e-05	9598.8
0.21956	9598.8	-0.00246989	-8.85605e-05	9598.8
0.21986	9598.8	-0.00243438	-0.000130591	9598.8
0.22016	9598.8	-0.0021871	-0.000350684	9598.8
0.22046	9598.8	-0.00214337	-0.000345059	9598.8
0.22076	9598.8	-0.0021005	-0.000339873	9598.8
0.221061	9598.8	-0.00205678	-0.000334426	9598.8
0.221361	9598.8	-0.00201353	-0.000329031	9598.8
0.221661	9598.8	-0.00197004	-0.000323592	9598.8
0.221961	9598.8	-0.0019266	-0.000318203	9598.8
0.222261	9598.8	-0.00188324	-0.000312783	9598.8
0.222561	9598.8	-0.00183978	-0.000307451	9598.8
0.222861	9598.8	-0.00179625	-0.000301974	9598.8
0.223162	9598.8	-0.0017528	-0.000296439	9598.8
0.223462	9598.8	-0.00170917	-0.000291169	9598.8
0.223762	9598.8	-0.00166607	-0.000285821	9598.8
0.224062	9598.8	-0.00162243	-0.000280298	9598.8
0.224362	9598.8	-0.00157917	-0.000274912	9598.8
0.224662	9598.8	-0.00153555	-0.000269477	9598.8
0.224962	9598.8	-0.00149208	-0.000264231	9598.8
0.225263	9598.8	-0.00138166	0.000200883	9598.8
0.225563	9598.8	-0.00136629	0.000181403	9598.8
0.225863	9598.8	-0.00135134	0.000162082	9598.8
0.226163	9598.8	-0.00133641	0.00014276	9598.8
0.226463	9598.8	-0.00132127	0.00012335	9598.8
0.226763	9598.8	-0.00130592	0.000103949	9598.8
0.227064	9598.8	-0.00129146	8.443e-05	9598.8
0.227364	9598.8	-0.00127674	6.56593e-05	9598.8
0.227664	9598.8	-0.0012611	4.63613e-05	9598.8
0.227964	9598.8	-0.00124574	2.70689e-05	9598.8
0.228264	9598.8	-0.00123084	7.2039e-06	9598.8
0.228564	9598.8	-0.00109974	-9.77898e-05	9598.8
0.228864	9598.8	-0.00107465	-0.00010345	9598.8
0.229165	9598.8	-0.00104968	-0.000108591	9598.8
0.229465	9598.8	-0.00102476	-0.000114535	9598.8
0.229765	9598.8	-0.000999491	-0.000119984	9598.8
0.230065	9598.8	-0.000974643	-0.000125628	9598.8
0.230365	9598.8	-0.000949464	-0.000130929	9598.8
0.230665	9598.8	-0.000924281	-0.000136669	9598.8
0.230965	9598.8	-0.000899242	-0.000142234	9598.8
0.231266	9598.8	-0.000874394	-0.000147771	9598.8
0.231566	9598.8	-0.000848862	-0.000153311	9598.8
0.231866	9598.8	-0.00082428	-0.000158936	9598.8
0.232166	9598.8	-0.000798943	-0.000164395	9598.8
0.232466	9598.8	-0.000773569	-0.000170163	9598.8
0.232766	9598.8	-0.000749144	-0.000175779	9598.8
0.233067	9598.8	-0.000723892	-0.000181388	9598.8
0.233367	9598.8	-0.000697945	0.000177228	9598.8
0.233667	9598.8	-0.000680232	0.000166163	9598.8
0.233967	9598.8	-0.000663151	0.000155108	9598.8
0.234267	9598.8	-0.000645688	0.000143955	9598.8
0.234567	9598.8	-0.000629085	0.000133053	9598.8
0.234867	9598.8	-0.000611769	0.000121828	9598.8
0.235168	9598.8	-0.000594416	0.000110665	9598.8
0.235468	9598.8	-0.000577388	9.98701e-05	9598.8
0.235768	9598.8	-0.000559946	8.87793e-05	9598.8
0.236068	9598.8	-0.000543246	7.75273e-05	9598.8
0.236368	9598.8	-0.000525187	6.63924e-05	9598.8
0.236668	9598.8	-0.00050862	5.53645e-05	9598.8
0.236968	9598.8	-0.000490902	4.4317e-05	9598.8
0.237269	9598.8	-0.000474178	3.32451e-05	9598.8
0.237569	9598.8	-0.000456345	2.21177e-05	9598.8
0.237869	9598.8	-0.000438826	1.11345e-05	9598.8
0.238169	9598.8	-0.000439722	1.01106e-05	9598.8
0.238469	9598.81	-0.000432862	5.93336e-07	9598.81
0.238769	9598.81	-0.000425949	-8.44247e-06	9598.81
0.23907	9598.81	-0.000419137	-1.77843e-05	9598.81
0.23937	9598.81	-0.000412125	-2.69868e-05	9598.81
0.23967	9598.81	-0.000405313	-3.64347e-05	9598.81
0.23997	9598.81	-0.00039851	-4.57219e-05	9598.81
0.24027	9598.81	-0.000391759	-5.4877e-05	9598.81
0.24057	9598.81	-0.000339555	7.93588e-05	9598.81
0.24087	9598.81	-0.000334932	7.63766e-05	9598.81
0.241171	9598.81	-0.000330129	7.35721e-05	9598.81
0.241471	9598.81	-0.000325518	7.09296e-05	9598.81
0.241771	9598.81	-0.000320895	6.81846e-05	9598.81
0.242071	9598.81	-0.000316082	6.51647e-05	9598.81
0.242371	9598.81	-0.000311272	6.25364e-05	9598.81
0.242671	9598.81	-0.000306945	5.97698e-05	9598.81
0.242971	9598.81	-0.000302078	5.7096e-05	9598.81
0.243272	9598.81	-0.000297777	5.43603e-05	9598.81
0.243572	9598.81	-0.000293055	5.14544e-05	9598.81
0.243872	9598.81	-0.00028834	4.85315e-05	9598.81
0.244172	9598.81	-0.000283743	4.58613e-05	9598.81
0.244472	9598.81	-0.0002791	4.3074e-05	9598.81
0.244772	9598.81	-0.000274266	4.0305e-05	9598.81
0.245073	9598.81	-0.000269645	3.76316e-05	9598.81
0.245373	9598.81	-0.000265035	3.46806e-05	9598.81
0.245673	9598.81	-0.000260381	3.19635e-05	9598.81
0.245973	9598.81	-0.000255787	2.91627e-05	9598.81
0.246273	9598.81	-0.000250949	2.63311e-05	9598.81
0.246573	9598.81	-0.000246396	2.35409e-05	9598.81
0.246873	9598.81	-0.000241919	2.08232e-05	9598.81
0.247174	9598.81	-0.000236638	1.81451e-05	9598.81
0.247474	9598.81	-0.000232938	1.5247e-05	9598.81
0.247774	9598.81	-0.00022764	1.26129e-05	9598.81
0.248074	9598.81	-0.000222989	9.98053e-06	9598.81
0.248374	9598.81	-0.000189026	-1.76304e-05	9598.81
0.248674	9598.81	-0.000185462	-2.16037e-05	9598.81
0.248974	9598.81	-0.00018174	-2.53701e-05	9598.81
0.249275	9598.81	-0.00017803	-2.89415e-05	9598.81
0.249575	9598.81	-0.000173996	-3.2631e-05	9598.81
0.249875	9598.81	-0.000170121	-3.63755e-05	9598.81
0.250175	9598.81	-0.000166367	-4.01575e-05	9598.81
0.250475	9598.81	-0.000162488	-4.37189e-05	9598.81
0.250775	9598.81	-0.000158082	-4.75313e-05	9598.81
0.251076	9598.81	-0.000156989	3.39323e-05	9598.81
0.251376	9598.81	-0.000154847	3.22185e-05	9598.81
0.251676	9598.81	-0.000152917	3.06554e-05	9598.81
0.251976	9598.81	-0.000150288	2.91879e-05	9598.81
0.252276	9598.81	-0.000148582	2.749e-05	9598.81
0.252576	9598.81	-0.000145732	2.57949e-05	9598.81
0.252876	9598.81	-0.000144022	2.43875e-05	9598.81
0.253177	9598.81	-0.000142334	2.27282e-05	9598.81
0.253477	9598.81	-0.000140415	2.12223e-05	9598.81
0.253777	9598.81	-0.000137759	1.95271e-05	9598.81
0.254077	9598.81	-0.000135817	1.80602e-05	9598.81
0.254377	9598.81	-0.000132973	1.64213e-05	9598.81
0.254677	9598.81	-0.000131371	1.47624e-05	9598.81
0.254977	9598.81	-0.000128979	1.32187e-05	9598.81
0.255278	9598.81	-0.000126822	1.15823e-05	9598.81
0.255578	9598.81	-0.000124532	1.01712e-05	9598.81
0.255878	9598.81	-0.000122323	8.49241e-06	9598.81
0.256178	9598.81	-0.000119862	6.98991e-06	9598.81
0.256478	9598.81	-0.000118255	5.36941e-06	9598.81
0.256778	9598.81	-0.000115652	3.74906e-06	9598.81
0.257079	9598.81	-0.000111372	-5.91283e-08	9598.81
0.257379	9598.81	-0.000109381	-1.79092e-06	9598.81
0.257679	9598.81	-0.000107577	-3.35583e-06	9598.81
0.257979	9598.81	-0.000106137	-4.80916e-06	9598.81
0.258279	9598.81	-0.000104228	-6.43411e-06	9598.81
0.258579	9598.81	-0.000102145	-8.02137e-06	9598.81
0.258879	9598.81	-9.15325e-05	-1.51539e-05	9598.81
0.25918	9598.81	-8.92247e-05	-1.55582e-05	9598.81
0.25948	9598.81	-8.80031e-05	-1.59151e-05	9598.81
0.25978	9598.81	-8.59164e-05	-1.62713e-05	9598.81
0.26008	9598.81	-8.36348e-05	-1.66102e-05	9598.81
0.26038	9598.81	-8.29921e-05	-1.70473e-05	9598.81
0.26068	9598.81	-8.13074e-05	-1.73863e-05	9598.81
0.26098	9598.81	-7.96345e-05	-1.7612e-05	9598.81
0.261281	9598.81	-7.79433e-05	-1.78543e-05	9598.81
0.261581	9598.81	-7.61883e-05	-1.81777e-05	9598.81
0.261881	9598.81	-7.42937e-05	-1.86311e-05	9598.81
0.262181	9598.81	-7.28609e-05	-1.90193e-05	9598.81
0.262481	9598.81	-7.09505e-05	-1.92454e-05	9598.81
0.262781	9598.81	-6.94875e-05	-1.96977e-05	9598.81
0.263082	9598.81	-6.76767e-05	-2.00541e-05	9598.81
0.263382	9598.81	-6.58553e-05	-2.04098e-05	9598.81
0.263682	9598.81	-6.41619e-05	-2.06693e-05	9598.81
0.263982	9598.81	-6.22551e-05	-2.11528e-05	9598.81
0.264282	9598.81	-5.81319e-05	1.69084e-05	9598.81
0.264582	9598.81	-5.76236e-05	1.58739e-05	9598.81
0.264882	9598.81	-5.67672e-05	1.49361e-05	9598.81
0.265183	9598.81	-5.61076e-05	1.38557e-05	9598.81
0.265483	9598.81	-5.50649e-05	1.27338e-05	9598.81
0.265783	9598.81	-5.45417e-05	1.19763e-05	9598.81
0.266083	9598.81	-5.38831e-05	1.08664e-05	9598.81
0.266383	9598.81	-5.3176e-05	9.85437e-06	9598.81
0.266683	9598.81	-5.26819e-05	8.80728e-06	9598.81
0.266983	9598.81	-5.23665e-05	7.72585e-06	9598.81
0.267284	9598.81	-5.14879e-05	6.60365e-06	9598.81
0.267584	9598.81	-5.09758e-05	5.7768e-06	9598.81
0.267884	9598.81	-4.99636e-05	4.67732e-06	9598.81
0.268184	9598.81	-4.96356e-05	3.56719e-06	9598.81
0.268484	9598.81	-4.15182e-05	-2.92067e-06	9598.81
0.268784	9598.81	-4.05769e-05	-2.96265e-06	9598.81
0.269085	9598.81	-3.99718e-05	-3.10576e-06	9598.81
0.269385	9598.81	-3.91461e-05	-3.31836e-06	9598.81
0.269685	9598.81	-3.79914e-05	-3.258e-06	9598.81
0.269985	9598.81	-3.74991e-05	-3.44471e-06	9598.81
0.270285	9598.81	-3.64497e-05	-3.60473e-06	9598.81
0.270585	9598.81	-3.58503e-05	-3.74905e-06	9598.81
0.270885	9598.81	-3.47585e-05	-3.81665e-06	9598.81
0.271186	9598.81	-3.41031e-05	-3.84173e-06	9598.81
0.271486	9598.81	-3.31553e-05	-4.1226e-06	9598.81
0.271786	9598.81	-3.2276e-05	-4.30743e-06	9598.81
0.272086	9598.81	-3.1842e-05	-4.4433e-06	9598.81
0.272386	9598.81	-3.06935e-05	-4.45175e-06	9598.81
0.272686	9598.81	-2.98511e-05	-4.61217e-06	9598.81
0.272986	9598.81	-2.90294e-05	-4.60479e-06	9598.81
0.273287	9598.81	-2.82363e-05	-4.94199e-06	9598.81
0.273587	9598.81	-2.73624e-05	-5.0438e-06	9598.81
0.273887	9598.81	-2.68666e-05	-5.01013e-06	9598.81
0.274187	9598.81	-2.59557e-05	6.96386e-06	9598.81
0.274487	9598.81	-2.55336e-05	6.43519e-06	9598.81
0.274787	9598.81	-2.45739e-05	5.66775e-06	9598.81
0.275088	9598.81	-2.40822e-05	4.88007e-06	9598.81
0.275388	9598.81	-2.32524e-05	4.29688e-06	9598.81
0.275688	9598.81	-2.26483e-05	3.54199e-06	9598.81
0.275988	9598.81	-2.16623e-05	3.03046e-06	9598.81
0.276288	9598.81	-2.09468e-05	2.3004e-06	9598.81
0.276588	9598.81	-1.96761e-05	1.46041e-06	9598.81
0.276888	9598.81	-1.93802e-05	8.49889e-07	9598.81
0.277189	9598.81	-1.81222e-05	2.38773e-07	9598.81
0.277489	9598.81	-1.75482e-05	-4.45483e-07	9598.81
0.277789	9598.81	-1.69291e-05	-1.07581e-06	9598.81
0.278089	9598.81	-1.5998e-05	-1.85101e-06	9598.81
0.278389	9598.81	-1.54059e-05	-2.54442e-06	9598.81
0.278689	9598.81	-1.46396e-05	-3.14623e-06	9598.81
0.278989	9598.81	-1.3801e-05	-3.82221e-06	9598.81
0.27929	9598.81	-1.42999e-05	-3.36805e-06	9598.81
0.27959	9598.81	-1.47026e-05	-3.90847e-06	9598.81
0.27989	9598.81	-1.43319e-05	-4.29303e-06	9598.81
0.28019	9598.81	-1.42608e-05	-4.59764e-06	9598.81
0.28049	9598.81	-1.39712e-05	-4.90866e-06	9598.81
0.28079	9598.81	-1.35925e-05	-5.54477e-06	9598.81
0.281091	9598.81	-1.32956e-05	-5.87002e-06	9598.81
0.281391	9598.81	-1.31612e-05	-6.37592e-06	9598.81
0.281691	9598.81	-1.25484e-05	-6.71303e-06	9598.81
0.281991	9598.81	-1.24311e-05	-7.01726e-06	9598.81
0.282291	9598.81	-1.22188e-05	-7.60907e-06	9598.81
0.282591	9598.81	-1.19288e-05	-8.05186e-06	9598.81
0.282891	9598.81	-1.18287e-05	4.29244e-06	9598.81
0.283192	9598.81	-1.13896e-05	4.25579e-06	9598.81
0.283492	9598.81	-1.11256e-05	3.77795e-06	9598.81
0.283792	9598.81	-1.08853e-05	3.62245e-06	9598.81
0.284092	9598.81	-1.09887e-05	3.24885e-06	9598.81
0.284392	9598.81	-1.07338e-05	3.10774e-06	9598.81
0.284692	9598.81	-1.06407e-05	2.60276e-06	9598.81
0.284992	9598.81	-9.86767e-06	2.32053e-06	9598.81
0.285293	9598.81	-9.60679e-06	1.99613e-06	9598.81
0.285593	9598.81	-9.44818e-06	1.59647e-06	9598.81
0.285893	9598.81	-9.08988e-06	1.40378e-06	9598.81
0.286193	9598.81	-8.99767e-06	9.91038e-07	9598.81
0.286493	9598.81	-8.76382e-06	7.06108e-07	9598.81
0.286793	9598.81	-8.51328e-06	2.56275e-07	9598.81
0.287094	9598.81	-8.4289e-06	1.6447e-07	9598.81
0.287394	9598.81	-7.64257e-06	-1.3203e-07	9598.81
0.287694	9598.81	-7.82049e-06	-5.19903e-07	9598.81
0.287994	9598.81	-7.56555e-06	-8.91988e-07	9598.81
0.288294	9598.81	-6.8775e-06	-1.28019e-06	9598.81
0.288594	9598.81	-6.68181e-06	-1.34625e-06	9598.81
0.288894	9598.81	-6.7216e-06	-1.78322e-06	9598.81
0.289195	9598.81	-6.29888e-06	-2.16893e-06	9598.81
0.289495	9598.81	-6.59935e-06	-2.20158e-06	9598.81
0.289795	9598.81	-6.29229e-06	-2.38453e-06	9598.81
0.290095	9598.81	-6.33867e-06	-2.46304e-06	9598.81
0.290395	9598.81	-6.31199e-06	-2.67113e-06	9598.81
0.290695	9598.81	-6.25699e-06	-3.05449e-06	9598.81
0.290995	9598.81	-6.01617e-06	-3.12298e-06	9598.81
0.291296	9598.81	-5.7998e-06	-3.29709e-06	9598.81
0.291596	9598.81	-5.8084e-06	-3.33177e-06	9598.81
0.291896	9598.81	-5.6873e-06	-3.80161e-06	9598.81
0.292196	9598.81	-5.5347e-06	-3.89267e-06	9598.81
0.292496	9598.81	-5.71426e-06	-3.9225e-06	9598.81
0.292796	9598.81	-5.67678e-06	2.62643e-06	9598.81
0.293097	9598.81	-5.6347e-06	2.62463e-06	9598.81
0.293397	9598.81	-5.59404e-06	2.4829e-06	9598.81
0.293697	9598.81	-5.40503e-06	2.33074e-06	9598.81
0.293997	9598.81	-5.23324e-06	2.11528e-06	9598.81
0.294297	9598.81	-5.32902e-06	2.05395e-06	9598.81
0.294597	9598.81	-5.29369e-06	1.90477e-06	9598.81
0.294897	9598.81	-5.3873e-06	1.63103e-06	9598.81
0.295198	9598.81	-5.21288e-06	1.55574e-06	9598.81
0.295498	9598.81	-5.4533e-06	1.41531e-06	9598.81
0.295798	9598.81	-5.25904e-06	1.2748e-06	9598.81
0.296098	9598.81	-4.64164e-06	1.01571e-06	9598.81
0.296398	9598.81	-4.74738e-06	7.4892e-07	9598.81
0.296698	9598.81	-4.60312e-06	5.70699e-07	9598.81
0.296998	9598.81	-4.46306e-06	6.60573e-07	9598.81
0.297299	9598.81	-4.31701e-06	4.99498e-07	9598.81
0.297599	9598.81	-4.29918e-06	2.72453e-07	9598.81
0.297899	9598.81	-4.27268e-06	1.19662e-07	9598.81
0.298199	9598.81	-3.72523e-06	-4.37379e-08	9598.81
0.298499	9598.81	-3.69634e-06	-1.42257e-07	9598.81
0.298799	9598.81	-3.44397e-06	-2.36199e-07	9598.81
0.2991	9598.81	-3.59832e-06	-4.13039e-07	9598.81
0.2994	9598.81	-3.33687e-06	-4.5002e-07	9598.81
0.2997	9598.81	-3.25204e-06	-7.59528e-07	9598.81
0.3	9598.81	-3.24033e-06	-7.14119e-07	9598.81
0.3003	9598.81	-2.89178e-06	-1.09555e-06	9598.81
