-0.3	10148.2	-2.43983e-07	1.84771e-06	-10148.2
-0.2997	10148.2	-3.00243e-07	1.82594e-06	-10148.2
-0.2994	10148.2	-3.55817e-07	1.9102e-06	-10148.2
-0.2991	10148.2	-3.41043e-07	1.87097e-06	-10148.2
-0.298799	10148.2	-5.80817e-07	1.94793e-06	-10148.2
-0.298499	10148.2	-5.59258e-07	1.85708e-06	-10148.2
-0.298199	10148.2	-6.88529e-07	1.92414e-06	-10148.2
-0.297899	10148.2	-6.74657e-07	1.9839e-06	-10148.2
-0.297599	10148.2	-9.62746e-07	2.05266e-06	-10148.2
-0.297299	10148.2	-1.05149e-06	1.89418e-06	-10148.2
-0.296998	10148.2	-8.53972e-07	2.01487e-06	-10148.2
-0.296698	10148.2	-1.25798e-06	1.98485e-06	-10148.2
-0.296398	10148.2	-1.33504e-06	1.92511e-06	-10148.2
-0.296098	10148.2	-1.03522e-06	3.01314e-06	-10148.2
-0.295798	10148.2	-1.24314e-06	3.04931e-06	-10148.2
-0.295498	10148.2	-1.18427e-06	3.23687e-06	-10148.2
-0.295198	10148.2	-1.18988e-06	3.34444e-06	-10148.2
-0.294897	10148.2	-1.08547e-06	3.48271e-06	-10148.2
-0.294597	10148.2	-1.20879e-06	3.47198e-06	-10148.2
-0.294297	10148.2	-1.20731e-06	3.48497e-06	-10148.2
-0.293997	10148.2	-1.33924e-06	3.67913e-06	-10148.2
-0.293697	10148.2	-1.38115e-06	3.81798e-06	-10148.2
-0.293397	10148.2	-1.21514e-06	4.02029e-06	-10148.2
-0.293097	10148.2	-1.39104e-06	3.98586e-06	-10148.2
-0.292796	10148.2	-1.24179e-06	4.04738e-06	-10148.2
-0.292496	10148.2	-1.46578e-06	4.13936e-06	-10148.2
-0.292196	10148.2	-1.54551e-06	4.24194e-06	-10148.2
-0.291896	10148.2	-1.28649e-06	4.25641e-06	-10148.2
-0.291596	10148.2	-1.67437e-06	4.54309e-06	-10148.2
-0.291296	10148.2	-1.46765e-06	4.51498e-06	-10148.2
-0.290995	10148.2	-1.37835e-06	4.49341e-06	-10148.2
-0.290695	10148.2	-1.39063e-06	4.67746e-06	-10148.2
-0.290395	10148.2	-1.27788e-06	4.95672e-06	-10148.2
-0.290095	10148.2	-1.33879e-06	4.84205e-06	-10148.2
-0.289795	10148.2	-1.35582e-06	4.95012e-06	-10148.2
-0.289495	10148.2	-1.06291e-06	5.4471e-06	-10148.2
-0.289195	10148.2	-1.68433e-06	5.69829e-06	-10148.2
-0.288894	10148.2	-1.50522e-06	5.82971e-06	-10148.2
-0.288594	10148.2	-1.72169e-06	5.91325e-06	-10148.2
-0.288294	10148.2	-1.83427e-06	6.01592e-06	-10148.2
-0.287994	10148.2	-1.94149e-06	6.15819e-06	-10148.2
-0.287694	10148.2	-1.87461e-06	6.52903e-06	-10148.2
-0.287394	10148.2	-1.83084e-06	6.53891e-06	-10148.2
-0.287094	10148.2	-1.93272e-06	6.69863e-06	-10148.2
-0.286793	10148.2	-1.31506e-07	7.83797e-06	-10148.2
-0.286493	10148.2	-1.90371e-07	8.08553e-06	-10148.2
-0.286193	10148.2	-2.23316e-07	8.26745e-06	-10148.2
-0.285893	10148.2	-3.63834e-07	8.32498e-06	-10148.2
-0.285593	10148.2	-6.29814e-07	8.43045e-06	-10148.2
-0.285293	10148.2	-5.81677e-07	8.60838e-06	-10148.2
-0.284992	10148.2	-6.38173e-07	8.94405e-06	-10148.2
-0.284692	10148.2	-8.63585e-07	9.03326e-06	-10148.2
-0.284392	10148.2	-7.9225e-07	9.21691e-06	-10148.2
-0.284092	10148.2	-9.71295e-07	9.38798e-06	-10148.2
-0.283792	10148.2	-1.06466e-06	9.56029e-06	-10148.2
-0.283492	10148.2	-1.33886e-06	9.75325e-06	-10148.2
-0.283192	10148.2	-1.36451e-06	9.79156e-06	-10148.2
-0.282891	10148.2	-1.3712e-06	1.00192e-05	-10148.2
-0.282591	10148.2	-1.44951e-06	1.01991e-05	-10148.2
-0.282291	10148.2	-1.54712e-06	1.0325e-05	-10148.2
-0.281991	10148.2	-1.81824e-06	1.0656e-05	-10148.2
-0.281691	10148.2	-1.80896e-06	1.07866e-05	-10148.2
-0.281391	10148.2	-1.88427e-06	1.08807e-05	-10148.2
-0.281091	10148.2	-2.11548e-06	1.11766e-05	-10148.2
-0.28079	10148.2	-2.2077e-06	1.11784e-05	-10148.2
-0.28049	10148.2	-2.06359e-06	1.14677e-05	-10148.2
-0.28019	10148.2	-2.40558e-06	1.15179e-05	-10148.2
-0.27989	10148.2	-2.2566e-06	1.18229e-05	-10148.2
-0.27959	10148.2	-2.36047e-06	1.19302e-05	-10148.2
-0.27929	10148.2	-2.45848e-06	1.21365e-05	-10148.2
-0.278989	10148.2	-2.40296e-06	1.24274e-05	-10148.2
-0.278689	10148.2	-2.69699e-06	1.30511e-05	-10148.2
-0.278389	10148.2	-2.54723e-06	1.29891e-05	-10148.2
-0.278089	10148.2	-2.61117e-06	1.34941e-05	-10148.2
-0.277789	10148.2	-2.91378e-06	1.35725e-05	-10148.2
-0.277489	10148.2	-2.86834e-06	1.38562e-05	-10148.2
-0.277189	10148.2	-2.94517e-06	1.40193e-05	-10148.2
-0.276888	10148.2	-3.01499e-06	1.42855e-05	-10148.2
-0.276588	10148.2	4.05443e-07	1.68321e-05	-10148.2
-0.276288	10148.2	-8.56913e-08	1.71137e-05	-10148.2
-0.275988	10148.2	-4.47451e-07	1.73333e-05	-10148.2
-0.275688	10148.2	-8.64501e-07	1.76246e-05	-10148.2
-0.275388	10148.2	-1.17826e-06	1.79048e-05	-10148.2
-0.275088	10148.2	-1.64032e-06	1.81029e-05	-10148.2
-0.274787	10148.2	-1.84365e-06	1.84034e-05	-10148.2
-0.274487	10148.2	-2.26824e-06	1.85669e-05	-10148.2
-0.274187	10148.2	-2.77103e-06	1.88545e-05	-10148.2
-0.273887	10148.2	-3.13319e-06	1.90915e-05	-10148.2
-0.273587	10148.2	-3.38692e-06	1.93843e-05	-10148.2
-0.273287	10148.2	-3.7531e-06	1.96332e-05	-10148.2
-0.272986	10148.2	-4.13193e-06	1.99139e-05	-10148.2
-0.272686	10148.2	-4.49227e-06	2.01582e-05	-10148.2
-0.272386	10148.2	-4.83968e-06	2.03487e-05	-10148.2
-0.272086	10148.2	-5.14883e-06	2.0642e-05	-10148.2
-0.271786	10148.2	-5.57671e-06	2.08106e-05	-10148.2
-0.271486	10148.2	-5.94678e-06	2.10656e-05	-10148.2
-0.271186	10148.2	-6.38782e-06	2.12828e-05	-10148.2
-0.270885	10148.2	-6.68898e-06	2.16172e-05	-10148.2
-0.270585	10148.2	-7.12496e-06	2.18767e-05	-10148.2
-0.270285	10148.2	-7.37359e-06	2.20724e-05	-10148.2
-0.269985	10148.2	-7.74494e-06	2.23728e-05	-10148.2
-0.269685	10148.2	-8.1162e-06	2.2627e-05	-10148.2
-0.269385	10148.2	-8.54306e-06	2.29281e-05	-10148.2
-0.269085	10148.2	-8.8528e-06	2.3169e-05	-10148.2
-0.268784	10148.2	4.77203e-06	2.97035e-05	-10148.2
-0.268484	10148.2	4.26322e-06	3.01381e-05	-10148.2
-0.268184	10148.2	3.42627e-06	3.06578e-05	-10148.2
-0.267884	10148.2	2.61399e-06	3.12066e-05	-10148.2
-0.267584	10148.2	2.08958e-06	3.16218e-05	-10148.2
-0.267284	10148.2	-7.83124e-07	4.07638e-05	-10148.2
-0.266983	10148.2	-1.03749e-06	4.14327e-05	-10148.2
-0.266683	10148.2	-1.5508e-06	4.22641e-05	-10148.2
-0.266383	10148.2	-2.05769e-06	4.29348e-05	-10148.2
-0.266083	10148.2	-2.48672e-06	4.35836e-05	-10148.2
-0.265783	10148.2	-2.90324e-06	4.45135e-05	-10148.2
-0.265483	10148.2	-3.22036e-06	4.50899e-05	-10148.2
-0.265183	10148.2	-3.66089e-06	4.58852e-05	-10148.2
-0.264882	10148.2	-4.17797e-06	4.66757e-05	-10148.2
-0.264582	10148.2	-4.51554e-06	4.752e-05	-10148.2
-0.264282	10148.2	-4.92777e-06	4.81686e-05	-10148.2
-0.263982	10148.2	-5.481e-06	4.88829e-05	-10148.2
-0.263682	10148.2	-5.73532e-06	4.97194e-05	-10148.2
-0.263382	10148.2	-6.09288e-06	5.03992e-05	-10148.2
-0.263082	10148.2	-6.5911e-06	5.11393e-05	-10148.2
-0.262781	10148.2	-7.05806e-06	5.18936e-05	-10148.2
-0.262481	10148.2	-7.4708e-06	5.26568e-05	-10148.2
-0.262181	10148.2	-7.70984e-06	5.34074e-05	-10148.2
-0.261881	10148.2	-8.20092e-06	5.41411e-05	-10148.2
-0.261581	10148.2	-8.67101e-06	5.49106e-05	-10148.2
-0.261281	10148.2	-9.26045e-06	5.56566e-05	-10148.2
-0.26098	10148.2	-9.53748e-06	5.63303e-05	-10148.2
-0.26068	10148.2	-9.89499e-06	5.71212e-05	-10148.2
-0.26038	10148.2	-1.03083e-05	5.78301e-05	-10148.2
-0.26008	10148.2	-1.09738e-05	5.86989e-05	-10148.2
-0.25978	10148.2	6.15924e-06	6.89172e-05	-10148.2
-0.25948	10148.2	4.97492e-06	7.0133e-05	-10148.2
-0.25918	10148.2	3.7803e-06	7.10836e-05	-10148.2
-0.258879	10148.2	2.09727e-06	7.22697e-05	-10148.2
-0.258579	10148.2	8.20096e-07	7.34207e-05	-10148.2
-0.258279	10148.2	-6.68237e-07	7.45266e-05	-10148.2
-0.257979	10148.2	-1.96331e-06	7.5707e-05	-10148.2
-0.257679	10148.2	-3.44904e-06	7.68066e-05	-10148.2
-0.257379	10148.2	-4.73199e-06	7.79282e-05	-10148.2
-0.257079	10148.2	-6.11228e-06	7.88903e-05	-10148.2
-0.256778	10148.2	-7.70791e-06	8.00433e-05	-10148.2
-0.256478	10148.2	-9.09619e-06	8.12138e-05	-10148.2
-0.256178	10148.2	9.33129e-06	9.45392e-05	-10148.2
-0.255878	10148.2	9.39891e-06	9.64242e-05	-10148.2
-0.255578	10148.2	9.4098e-06	9.82983e-05	-10148.2
-0.255278	10148.2	9.46197e-06	0.000100197	-10148.2
-0.254977	10148.2	9.55318e-06	0.000102119	-10148.2
-0.254677	10148.2	9.46313e-06	0.000103993	-10148.2
-0.254377	10148.2	9.47122e-06	0.000106012	-10148.2
-0.254077	10148.2	9.52368e-06	0.000107781	-10148.2
-0.253777	10148.2	9.63871e-06	0.000109794	-10148.2
-0.253477	10148.2	9.55614e-06	0.000111606	-10148.2
-0.253177	10148.2	9.6406e-06	0.000113505	-10148.2
-0.252876	10148.2	9.67041e-06	0.000115402	-10148.2
-0.252576	10148.2	9.74655e-06	0.000117245	-10148.2
-0.252276	10148.2	9.86867e-06	0.000119248	-10148.2
-0.251976	10148.2	9.77016e-06	0.000121096	-10148.2
-0.251676	10148.2	9.72016e-06	0.000123048	-10148.2
-0.251376	10148.2	9.81632e-06	0.000124937	-10148.2
-0.251076	10148.2	9.76641e-06	0.000126829	-10148.2
-0.250775	10148.2	9.80589e-06	0.000128645	-10148.2
-0.250475	10148.2	1.00065e-05	0.000130588	-10148.2
-0.250175	10148.2	9.87422e-06	0.000132405	-10148.2
-0.249875	10148.2	9.98573e-06	0.000134474	-10148.2
-0.249575	10148.2	1.02743e-05	0.000136414	-10148.2
-0.249275	10148.2	9.95206e-06	0.000138127	-10148.2
-0.248974	10148.2	-1.06954e-05	0.000178621	-10148.2
-0.248674	10148.2	-1.38746e-05	0.000181455	-10148.2
-0.248374	10148.2	-1.72125e-05	0.00018433	-10148.2
-0.248074	10148.2	-2.04619e-05	0.000187062	-10148.2
-0.247774	10148.2	-2.35897e-05	0.000189881	-10148.2
-0.247474	10148.2	-2.65447e-05	0.000192853	-10148.2
-0.247174	10148.2	-2.96828e-05	0.000195769	-10148.2
-0.246873	10148.2	4.90635e-05	0.000241626	-10148.2
-0.246573	10148.2	4.89577e-05	0.000245647	-10148.2
-0.246273	10148.2	4.80896e-05	0.000249878	-10148.2
-0.245973	10148.2	4.82397e-05	0.000253948	-10148.2
-0.245673	10148.2	4.79146e-05	0.000258171	-10148.2
-0.245373	10148.2	4.74818e-05	0.000262243	-10148.2
-0.245073	10148.2	4.71893e-05	0.000266474	-10148.2
-0.244772	10148.2	4.68316e-05	0.000270548	-10148.2
-0.244472	10148.2	4.66103e-05	0.000274665	-10148.2
-0.244172	10148.2	4.60591e-05	0.000278739	-10148.2
-0.243872	10148.2	4.57949e-05	0.000282865	-10148.2
-0.243572	10148.2	4.53363e-05	0.000286986	-10148.2
-0.243272	10148.2	4.51589e-05	0.000291112	-10148.2
-0.242971	10148.2	4.46208e-05	0.000295284	-10148.2
-0.242671	10148.2	4.44938e-05	0.000299359	-10148.2
-0.242371	10148.2	4.38386e-05	0.00030349	-10148.2
-0.242071	10148.2	4.37112e-05	0.000307589	-10148.2
-0.241771	10148.2	4.31282e-05	0.0003117	-10148.2
-0.241471	10148.2	4.28552e-05	0.000315848	-10148.2
-0.241171	10148.2	4.2714e-05	0.000320087	-10148.2
-0.24087	10148.2	4.22572e-05	0.000324197	-10148.2
-0.24057	10148.2	4.1957e-05	0.000328216	-10148.2
-0.24027	10148.2	4.15835e-05	0.00033229	-10148.2
-0.23997	10148.2	4.10905e-05	0.000336467	-10148.2
-0.23967	10148.2	4.06991e-05	0.000340547	-10148.2
-0.23937	10148.2	9.262e-06	0.00038568	-10148.2
-0.23907	10148.2	4.09851e-06	0.000392666	-10148.2
-0.238769	10148.2	-1.77609e-06	0.000399807	-10148.2
-0.238469	10148.2	-7.00357e-06	0.000406869	-10148.2
-0.238169	10148.2	-1.2429e-05	0.000413934	-10148.2
-0.237869	10148.2	-1.79198e-05	0.000420899	-10148.2
-0.237569	10148.2	-2.30757e-05	0.000428216	-10148.2
-0.237269	10148.2	-2.85639e-05	0.000435194	-10148.2
-0.236968	10148.2	-3.39063e-05	0.000442076	-10148.2
-0.236668	10148.2	6.52188e-05	0.000490374	-10148.2
-0.236368	10148.2	5.74702e-05	0.000494787	-10148.2
-0.236068	10148.2	4.97478e-05	0.000499206	-10148.2
-0.235768	10148.2	4.20564e-05	0.000503623	-10148.2
-0.235468	10148.2	3.43924e-05	0.000508011	-10148.2
-0.235168	10148.2	2.65275e-05	0.000512455	-10148.2
-0.234867	10148.2	1.88651e-05	0.000516866	-10148.2
-0.234567	10148.2	1.12945e-05	0.000521281	-10148.2
-0.234267	10148.2	3.50443e-06	0.000525751	-10148.2
-0.233967	10148.2	-4.36412e-06	0.000530106	-10148.2
-0.233667	10148.2	-1.20224e-05	0.000534541	-10148.2
-0.233367	10148.2	-1.97263e-05	0.000538939	-10148.2
-0.233067	10148.2	-2.73737e-05	0.000543346	-10148.2
-0.232766	10148.2	-3.51773e-05	0.000547741	-10148.2
-0.232466	10148.2	-4.28799e-05	0.000552191	-10148.2
-0.232166	10148.2	-5.06304e-05	0.00055658	-10148.2
-0.231866	10148.2	-5.81397e-05	0.000560991	-10148.2
-0.231566	10148.2	-6.60057e-05	0.000565379	-10148.2
-0.231266	10148.2	-7.37169e-05	0.000569889	-10148.2
-0.230965	10148.2	-8.14105e-05	0.000574225	-10148.2
-0.230665	10148.2	-8.91361e-05	0.000578636	-10148.2
-0.230365	10148.2	-9.69077e-05	0.000583073	-10148.2
-0.230065	10148.2	-0.000104625	0.000587481	-10148.2
-0.229765	10148.2	-0.000112259	0.000591901	-10148.2
-0.229465	10148.2	-0.000120046	0.000596305	-10148.2
-0.229165	10148.2	-0.00012779	0.000600722	-10148.2
-0.228864	10148.2	-0.000135472	0.00060514	-10148.2
-0.228564	10148.2	0.000118524	0.000730575	-10148.2
-0.228264	10148.2	0.00010193	0.000748561	-10148.2
-0.227964	10148.2	8.55558e-05	0.000766484	-10148.2
-0.227664	10148.2	6.86405e-05	0.000784227	-10148.2
-0.227364	10148.2	0.000148365	0.000947323	-10148.2
-0.227064	10148.2	0.000129139	0.000976526	-10148.2
-0.226763	10148.2	0.000109776	0.00100565	-10148.2
-0.226463	10148.2	9.04533e-05	0.00103479	-10148.2
-0.226163	10148.2	7.11849e-05	0.001064	-10148.2
-0.225863	10148.2	5.19833e-05	0.00109322	-10148.2
-0.225563	10148.2	3.27058e-05	0.0011223	-10148.2
-0.225263	10148.2	1.33912e-05	0.00115157	-10148.2
-0.224962	10148.2	-5.93014e-06	0.00118072	-10148.2
-0.224662	10148.2	-2.51358e-05	0.00120977	-10148.2
-0.224362	10148.2	-4.44438e-05	0.00123903	-10148.2
-0.224062	10148.2	-6.37257e-05	0.00126814	-10148.2
-0.223762	10148.2	-8.30544e-05	0.00129739	-10148.2
-0.223462	10148.2	-0.000102392	0.00132652	-10148.2
-0.223162	10148.2	-0.000121592	0.00135569	-10148.2
-0.222861	10148.2	-0.00014084	0.00138488	-10148.2
-0.222561	10148.2	-0.000160157	0.00141401	-10148.2
-0.222261	10148.2	-0.000179404	0.00144318	-10148.2
-0.221961	10148.2	-0.000198689	0.00147236	-10148.2
-0.221661	10148.2	-0.000217967	0.00150159	-10148.2
-0.221361	10148.2	-0.000237219	0.00153071	-10148.2
-0.221061	10148.2	-0.000256529	0.00155987	-10148.2
-0.22076	10148.2	-0.00027594	0.00158901	-10148.2
-0.22046	10148.2	-0.000295094	0.00161818	-10148.2
-0.22016	10148.2	-0.000314453	0.00164735	-10148.2
-0.21986	10148.2	0.000231011	0.0018747	-10148.2
-0.21956	10148.2	0.000205307	0.00190662	-10148.2
-0.21926	10148.2	0.000179357	0.00193846	-10148.2
-0.218959	10148.2	0.000153437	0.0019704	-10148.2
-0.218659	10148.2	0.000127652	0.00200231	-10148.2
-0.218359	10148.2	0.000101805	0.00203419	-10148.2
-0.218059	10148.2	7.59032e-05	0.00206615	-10148.2
-0.217759	10148.2	4.99838e-05	0.00209796	-10148.2
-0.217459	10148.2	2.41689e-05	0.0021299	-10148.2
-0.217159	10148.2	-1.67893e-06	0.00216185	-10148.2
-0.216858	10148.2	-2.75705e-05	0.00219371	-10148.2
-0.216558	10148.2	-5.34835e-05	0.00222561	-10148.2
-0.216258	10148.2	-9.17697e-05	0.0022812	-10148.2
-0.215958	10148.2	-0.000113339	0.00231769	-10148.2
-0.215658	10148.2	-0.000134833	0.00235413	-10148.2
-0.215358	10148.2	-0.000156407	0.00239059	-10148.2
-0.215058	10148.2	-0.000177872	0.00242708	-10148.2
-0.214757	10148.2	-0.000199594	0.00246358	-10148.2
-0.214457	10148.2	-0.00022108	0.00250002	-10148.2
-0.214157	10148.2	-0.000242521	0.00253647	-10148.2
-0.213857	10148.2	-0.000264094	0.00257294	-10148.2
-0.213557	10148.2	-0.000285634	0.00260944	-10148.2
-0.213257	10148.2	-0.00030708	0.0026459	-10148.2
-0.212956	10148.2	-0.000328637	0.0026824	-10148.2
-0.212656	10148.2	-0.000350174	0.00271885	-10148.2
-0.212356	10148.2	-0.000371838	0.00275532	-10148.2
-0.212056	10148.2	-0.000393275	0.00279181	-10148.2
-0.211756	10148.2	-0.000414812	0.00282821	-10148.2
-0.211456	10148.2	-0.000436242	0.00286475	-10148.2
-0.211156	10148.2	-0.00045791	0.00290115	-10148.2
-0.210855	10148.2	-0.000479545	0.00293771	-10148.2
-0.210555	10148.2	-0.000500957	0.00297414	-10148.2
-0.210255	10148.2	-0.000522516	0.00301059	-10148.2
-0.209955	10148.2	-0.000544077	0.00304716	-10148.2
-0.209655	10148.2	-0.00056573	0.00308359	-10148.2
-0.209355	10148.2	-0.0005872	0.00312005	-10148.2
-0.209055	10148.2	6.68544e-05	0.0044604	-10148.2
-0.208754	10148.2	-4.14046e-05	0.00452238	-10148.2
-0.208454	10148.2	-0.000149695	0.0045844	-10148.2
-0.208154	10148.2	-0.000258072	0.0046463	-10148.2
-0.207854	10148.2	-0.000366281	0.00470832	-10148.2
-0.207554	10148.2	-0.000474699	0.00477031	-10148.2
-0.207254	10148.2	-0.00058299	0.0048323	-10148.2
-0.206953	10148.2	0.00115354	0.00614556	-10148.2
-0.206653	10148.2	0.00112907	0.00621069	-10148.2
-0.206353	10148.2	0.00110456	0.00627578	-10148.2
-0.206053	10148.2	0.00108009	0.006341	-10148.2
-0.205753	10148.2	0.00105558	0.0064063	-10148.2
-0.205453	10148.2	0.00103111	0.00647142	-10148.2
-0.205153	10148.2	0.00100657	0.00653656	-10148.2
-0.204852	10148.2	0.000982222	0.00660186	-10148.2
-0.204552	10148.2	0.000957758	0.00666707	-10148.2
-0.204252	10148.2	0.000933293	0.00673214	-10148.2
-0.203952	10148.2	0.000908764	0.00679736	-10148.2
-0.203652	10148.2	0.00088424	0.00686252	-10148.2
-0.203352	10148.2	0.000859872	0.00692776	-10148.2
-0.203052	10148.2	0.00083542	0.0069929	-10148.2
-0.202751	10148.2	0.00081092	0.00705808	-10148.2
-0.202451	10148.2	0.000786417	0.00712327	-10148.2
-0.202151	10148.2	0.000761999	0.00718847	-10148.2
-0.201851	10148.2	0.000737564	0.00725361	-10148.2
-0.201551	10148.2	0.000713122	0.00731881	-10148.2
-0.201251	10148.2	0.000688627	0.007384	-10148.2
-0.20095	10148.2	0.00066408	0.00744919	-10148.2
-0.20065	10148.2	0.00063962	0.00751433	-10148.2
-0.20035	10148.2	0.000615185	0.00757955	-10148.2
-0.20005	10148.2	0.00059072	0.00764477	-10148.2
-0.19975	10148.2	0.000566263	0.00770995	-10148.2
-0.19945	10148.2	0.000235051	0.00820347	-10148.2
-0.19915	10148.2	3.89288e-05	0.00840717	-10148.2
-0.198849	10148.2	-0.000157262	0.00861084	-10148.2
-0.198549	10148.2	-0.000353498	0.00881452	-10148.2
-0.198249	10148.2	-0.000549649	0.00901817	-10148.2
-0.197949	10148.2	-0.000745847	0.00922189	-10148.2
-0.197649	10148.2	-0.000942056	0.00942556	-10148.2
-0.197349	10148.2	-0.00113821	0.00962922	-10148.2
-0.197049	10148.2	-0.00133446	0.00983291	-10148.2
-0.196748	10148.2	0.00201585	0.0118514	-10148.2
-0.196448	10148.2	0.00175433	0.0121343	-10148.2
-0.196148	10148.2	0.00149273	0.0124173	-10148.2
-0.195848	10148.2	0.00123119	0.0127003	-10148.2
-0.195548	10148.2	0.000969685	0.0129832	-10148.2
-0.195248	10148.2	0.000708102	0.0132662	-10148.2
-0.194947	10148.2	0.000446574	0.0135492	-10148.2
-0.194647	10148.2	0.000184976	0.0138322	-10148.2
-0.194347	10148.2	-7.65091e-05	0.0141151	-10148.2
-0.194047	10148.3	-0.00033808	0.0143981	-10148.3
-0.193747	10148.3	-0.000599627	0.014681	-10148.3
-0.193447	10148.3	-0.000861202	0.014964	-10148.3
-0.193147	10148.3	-0.00112273	0.015247	-10148.3
-0.192846	10148.3	-0.00138427	0.0155299	-10148.3
-0.192546	10148.3	-0.00164581	0.0158128	-10148.3
-0.192246	10148.3	-0.00190739	0.0160958	-10148.3
-0.191946	10148.3	-0.00216891	0.0163788	-10148.3
-0.191646	10148.3	-0.00243049	0.0166617	-10148.3
-0.191346	10148.3	-0.00269204	0.0169447	-10148.3
-0.191046	10148.3	-0.00295359	0.0172277	-10148.3
-0.190745	10148.3	-0.00321514	0.0175107	-10148.3
-0.190445	10148.3	-0.00347666	0.0177936	-10148.3
-0.190145	10148.3	-0.00373821	0.0180766	-10148.3
-0.189845	10148.3	-0.00399979	0.0183595	-10148.3
-0.189545	10148.3	-0.00426134	0.0186425	-10148.3
-0.189245	10148.3	-0.00452288	0.0189255	-10148.3
-0.188944	10148.3	-0.00478444	0.0192084	-10148.3
-0.188644	10148.3	0.00209286	0.0250808	-10148.3
-0.188344	10148.3	0.00176338	0.02546	-10148.3
-0.188044	10148.3	0.00143386	0.0258392	-10148.3
-0.187744	10148.3	0.00110435	0.0262184	-10148.3
-0.187444	10148.3	0.00027408	0.0274408	-10148.3
-0.187144	10148.3	2.74972e-05	0.0278229	-10148.3
-0.186843	10148.3	-0.000219027	0.028205	-10148.3
-0.186543	10148.3	-0.000465433	0.0285871	-10148.3
-0.186243	10148.3	-0.000712005	0.0289692	-10148.3
-0.185943	10148.3	-0.000958457	0.0293513	-10148.3
-0.185643	10148.3	-0.00120493	0.0297334	-10148.3
-0.185343	10148.3	-0.00145153	0.0301155	-10148.3
-0.185043	10148.3	-0.00169794	0.0304976	-10148.3
-0.184742	10148.3	-0.00194448	0.0308796	-10148.3
-0.184442	10148.3	-0.00219094	0.0312618	-10148.3
-0.184142	10148.3	-0.00243745	0.0316438	-10148.3
-0.183842	10148.3	-0.002684	0.0320259	-10148.3
-0.183542	10148.3	-0.00293053	0.032408	-10148.3
-0.183242	10148.3	-0.00317697	0.0327901	-10148.3
-0.182941	10148.4	-0.00342352	0.0331722	-10148.4
-0.182641	10148.4	-0.00366997	0.0335543	-10148.4
-0.182341	10148.4	-0.0039165	0.0339364	-10148.4
-0.182041	10148.4	-0.00416305	0.0343185	-10148.4
-0.181741	10148.4	-0.00440947	0.0347006	-10148.4
-0.181441	10148.4	-0.00465595	0.0350827	-10148.4
-0.181141	10148.4	-0.00490251	0.0354648	-10148.4
-0.18084	10148.4	-0.00514901	0.0358469	-10148.4
-0.18054	10148.4	-0.00539548	0.036229	-10148.4
-0.18024	10148.4	-0.00564199	0.036611	-10148.4
-0.17994	10148.4	0.00474055	0.0406824	-10148.4
-0.17964	10148.4	0.00362748	0.0416522	-10148.4
-0.17934	10148.4	0.00251439	0.0426219	-10148.4
-0.17904	10148.4	0.00140133	0.0435917	-10148.4
-0.178739	10148.4	0.000288219	0.0445615	-10148.4
-0.178439	10148.4	-0.00082489	0.0455312	-10148.4
-0.178139	10148.4	-0.001938	0.046501	-10148.4
-0.177839	10148.4	-0.00305109	0.0474708	-10148.4
-0.177539	10148.4	-0.00416418	0.0484405	-10148.4
-0.177239	10148.4	-0.00527722	0.0494103	-10148.4
-0.176938	10148.5	-0.00639039	0.0503801	-10148.5
-0.176638	10148.5	-0.00750345	0.0513498	-10148.5
-0.176338	10148.5	-0.00239718	0.05893	-10148.5
-0.176038	10148.5	-0.00371701	0.0605892	-10148.5
-0.175738	10148.5	-0.0050367	0.0622484	-10148.5
-0.175438	10148.5	-0.00635651	0.0639076	-10148.5
-0.175138	10148.5	-0.00767618	0.0655668	-10148.5
-0.174837	10148.5	-0.00899594	0.067226	-10148.5
-0.174537	10148.5	-0.0103157	0.0688852	-10148.5
-0.174237	10148.5	-0.0116355	0.0705445	-10148.5
-0.173937	10148.5	-0.0129552	0.0722036	-10148.5
-0.173637	10148.5	-0.014275	0.0738628	-10148.5
-0.173337	10148.5	-0.0155948	0.075522	-10148.5
-0.173037	10148.6	-0.0169145	0.0771812	-10148.6
-0.172736	10148.6	-0.0182342	0.0788404	-10148.6
-0.172436	10148.6	-0.019554	0.0804996	-10148.6
-0.172136	10148.6	-0.0208737	0.0821589	-10148.6
-0.171836	10148.6	-0.0221934	0.083818	-10148.6
-0.171536	10148.6	-0.0235132	0.0854772	-10148.6
-0.171236	10148.6	-0.024833	0.0871365	-10148.6
-0.170935	10148.6	-0.0261528	0.0887956	-10148.6
-0.170635	10148.6	-0.0274725	0.0904549	-10148.6
-0.170335	10148.6	-0.0287922	0.092114	-10148.6
-0.170035	10148.6	-0.030112	0.0937733	-10148.6
-0.169735	10148.6	-0.0314317	0.0954325	-10148.6
-0.169435	10148.7	-0.00224928	0.117644	-10148.7
-0.169135	10148.7	-0.00417597	0.119279	-10148.7
-0.168834	10148.7	-0.00610271	0.120913	-10148.7
-0.168534	10148.7	-0.00802944	0.122548	-10148.7
-0.168234	10148.7	-0.00995614	0.124182	-10148.7
-0.167934	10148.8	-0.0118829	0.125817	-10148.8
-0.167634	10148.8	-0.0138096	0.127452	-10148.8
-0.167334	10148.8	-0.0157363	0.129086	-10148.8
-0.167034	10148.8	-0.0176631	0.130721	-10148.8
-0.166733	10148.8	0.0234245	0.137039	-10148.8
-0.166433	10148.8	0.0227753	0.140134	-10148.8
-0.166133	10148.8	0.0221262	0.143229	-10148.8
-0.165833	10148.9	0.0214769	0.146324	-10148.9
-0.165533	10148.9	0.0208278	0.149419	-10148.9
-0.165233	10148.9	0.0201785	0.152515	-10148.9
-0.164932	10148.9	0.0195294	0.15561	-10148.9
-0.164632	10148.9	0.0188802	0.158705	-10148.9
-0.164332	10148.9	0.018231	0.1618	-10148.9
-0.164032	10149	0.0175818	0.164895	-10149
-0.163732	10149	0.0169326	0.167991	-10149
-0.163432	10149	0.0162834	0.171086	-10149
-0.163132	10149	0.0156342	0.174181	-10149
-0.162831	10149	0.0149851	0.177276	-10149
-0.162531	10149.1	0.0143359	0.180371	-10149.1
-0.162231	10149.1	0.0136867	0.183467	-10149.1
-0.161931	10149.1	0.0130375	0.186562	-10149.1
-0.161631	10149.1	0.0123883	0.189657	-10149.1
-0.161331	10149.1	0.0117391	0.192752	-10149.1
-0.161031	10149.1	0.0110899	0.195847	-10149.1
-0.16073	10149.2	0.0104407	0.198943	-10149.2
-0.16043	10149.2	0.00979156	0.202038	-10149.2
-0.16013	10149.2	0.0107006	0.203701	-10149.2
-0.15983	10149.2	0.00795778	0.208899	-10149.2
-0.15953	10149.3	0.00521496	0.214097	-10149.3
-0.15923	10149.3	0.00247215	0.219296	-10149.3
-0.158929	10149.3	-0.000270677	0.224494	-10149.3
-0.158629	10149.4	-0.0030135	0.229692	-10149.4
-0.158329	10149.4	-0.0057563	0.23489	-10149.4
-0.158029	10149.4	-0.00849914	0.240088	-10149.4
-0.157729	10149.4	-0.0112419	0.245286	-10149.4
-0.157429	10149.5	-0.0139848	0.250484	-10149.5
-0.157129	10149.5	-0.0167276	0.255683	-10149.5
-0.156828	10149.5	-0.0194704	0.260881	-10149.5
-0.156528	10149.6	-0.0222132	0.266079	-10149.6
-0.156228	10149.6	-0.024956	0.271277	-10149.6
-0.155928	10149.6	-0.0299082	0.280264	-10149.6
-0.155628	10149.7	-0.0320309	0.287516	-10149.7
-0.155328	10149.7	-0.0341536	0.294768	-10149.7
-0.155028	10149.8	-0.0362762	0.30202	-10149.8
-0.154727	10149.8	-0.0383989	0.309271	-10149.8
-0.154427	10149.8	-0.0405215	0.316523	-10149.8
-0.154127	10149.9	-0.0426442	0.323775	-10149.9
-0.153827	10149.9	-0.0447669	0.331026	-10149.9
-0.153527	10150	-0.0468895	0.338278	-10150
-0.153227	10150	-0.0490122	0.34553	-10150
-0.152926	10150.1	-0.0511349	0.352781	-10150.1
-0.152626	10150.1	-0.0532575	0.360033	-10150.1
-0.152326	10150.1	-0.0553802	0.367285	-10150.1
-0.152026	10150.2	-0.0575029	0.374536	-10150.2
-0.151726	10150.2	-0.0596255	0.381788	-10150.2
-0.151426	10150.3	-0.0617482	0.38904	-10150.3
-0.151126	10150.3	-0.0638708	0.396291	-10150.3
-0.150825	10150.3	-0.0659935	0.403543	-10150.3
-0.150525	10150.4	-0.0681162	0.410795	-10150.4
-0.150225	10150.4	-0.0702388	0.418046	-10150.4
-0.149925	10150.5	-0.0723615	0.425298	-10150.5
-0.149625	10150.5	-0.0744842	0.43255	-10150.5
-0.149325	10150.8	0.0213642	0.576653	-10150.8
-0.149025	10150.8	0.00784549	0.583636	-10150.8
-0.148724	10150.9	-0.00567323	0.59062	-10150.9
-0.148424	10151	-0.019192	0.597604	-10151
-0.148124	10151.1	-0.0327107	0.604588	-10151.1
-0.147824	10151.1	-0.0462294	0.611571	-10151.1
-0.147524	10151.2	-0.0597481	0.618555	-10151.2
-0.147224	10151.3	-0.0732668	0.625539	-10151.3
-0.146923	10151.2	0.141725	0.746263	-10151.2
-0.146623	10151.3	0.141068	0.761145	-10151.3
-0.146323	10151.4	0.14041	0.776026	-10151.4
-0.146023	10151.5	0.139753	0.790907	-10151.5
-0.145723	10151.6	0.139095	0.805788	-10151.6
-0.145423	10151.7	0.138437	0.820669	-10151.7
-0.145123	10151.8	0.13778	0.83555	-10151.8
-0.144822	10151.9	0.137122	0.850432	-10151.9
-0.144522	10152	0.136464	0.865313	-10152
-0.144222	10152	0.135807	0.880194	-10152
-0.143922	10152.1	0.135149	0.895075	-10152.1
-0.143622	10152.2	0.134492	0.909956	-10152.2
-0.143322	10152.3	0.133834	0.924838	-10152.3
-0.143022	10152.4	0.133176	0.939719	-10152.4
-0.142721	10152.5	0.132519	0.9546	-10152.5
-0.142421	10152.6	0.131861	0.969481	-10152.6
-0.142121	10152.7	0.131203	0.984362	-10152.7
-0.141821	10152.8	0.130546	0.999243	-10152.8
-0.141521	10152.9	0.129888	1.01412	-10152.9
-0.141221	10153	0.129231	1.02901	-10153
-0.14092	10153.1	0.128573	1.04389	-10153.1
-0.14062	10153.2	0.127915	1.05877	-10153.2
-0.14032	10153.3	0.127258	1.07365	-10153.3
-0.14002	10153.4	0.1266	1.08853	-10153.4
-0.13972	10153.5	0.0904537	1.14052	-10153.5
-0.13942	10153.7	0.0764146	1.1663	-10153.7
-0.13912	10153.8	0.0623755	1.19208	-10153.8
-0.138819	10154	0.0483365	1.21786	-10154
-0.138519	10154.1	0.0342974	1.24365	-10154.1
-0.138219	10154.3	0.0202583	1.26943	-10154.3
-0.137919	10154.5	0.00621923	1.29521	-10154.5
-0.137619	10154.6	-0.00781986	1.32099	-10154.6
-0.137319	10154.8	-0.0218589	1.34677	-10154.8
-0.137019	10154.9	-0.035898	1.37255	-10154.9
-0.136718	10155.1	-0.0499371	1.39834	-10155.1
-0.136418	10155.2	-0.0639761	1.42412	-10155.2
-0.136118	10155.3	-0.138295	1.5131	-10155.3
-0.135818	10155.5	-0.144573	1.54283	-10155.5
-0.135518	10155.8	-0.15085	1.57257	-10155.7
-0.135218	10156	-0.157128	1.6023	-10156
-0.134917	10156.2	-0.163406	1.63204	-10156.2
-0.134617	10156.4	-0.169684	1.66177	-10156.4
-0.134317	10156.6	-0.175962	1.69151	-10156.6
-0.134017	10156.9	-0.18224	1.72124	-10156.9
-0.133717	10157.1	-0.188518	1.75098	-10157.1
-0.133417	10157.3	-0.194796	1.78071	-10157.3
-0.133117	10157.5	-0.201074	1.81045	-10157.5
-0.132816	10157.8	-0.207351	1.84018	-10157.8
-0.132516	10158	-0.213629	1.86992	-10158
-0.132216	10158.2	-0.219907	1.89965	-10158.2
-0.131916	10158.4	-0.226185	1.92939	-10158.4
-0.131616	10158.7	-0.232463	1.95912	-10158.7
-0.131316	10158.9	-0.238741	1.98886	-10158.9
-0.131016	10159.1	-0.245019	2.01859	-10159.1
-0.130715	10159.3	-0.251297	2.04833	-10159.3
-0.130415	10159.6	-0.257575	2.07806	-10159.6
-0.130115	10159.8	-0.263853	2.1078	-10159.8
-0.129815	10160	-0.27013	2.13753	-10160
-0.129515	10160.2	-0.276408	2.16727	-10160.2
-0.129215	10160.9	0.241836	2.4771	-10160.9
-0.128914	10161.3	0.175666	2.53217	-10161.3
-0.128614	10161.6	0.109496	2.58725	-10161.6
-0.128314	10162	0.0433255	2.64233	-10162
-0.128014	10162.3	-0.0228446	2.69741	-10162.3
-0.127714	10162.7	-0.0890147	2.75249	-10162.7
-0.127414	10163.1	-0.155185	2.80756	-10163.1
-0.127114	10163.4	-0.221355	2.86264	-10163.4
-0.126813	10163.8	-0.287525	2.91772	-10163.8
-0.126513	10164.1	-0.329932	3.01339	-10164.1
-0.126213	10164.6	-0.387404	3.13224	-10164.6
-0.125913	10165	-0.444876	3.25109	-10165
-0.125613	10165.4	-0.502349	3.36993	-10165.4
-0.125313	10165.9	-0.559821	3.48878	-10165.9
-0.125013	10166.3	-0.617293	3.60762	-10166.3
-0.124712	10166.7	-0.674765	3.72647	-10166.7
-0.124412	10167.2	-0.732238	3.84531	-10167.2
-0.124112	10167.6	-0.78971	3.96416	-10167.6
-0.123812	10168	-0.847182	4.08301	-10168
-0.123512	10168.4	-0.904654	4.20185	-10168.4
-0.123212	10168.9	-0.962126	4.3207	-10168.9
-0.122911	10169.3	-1.0196	4.43954	-10169.3
-0.122611	10169.7	-1.07707	4.55839	-10169.7
-0.122311	10170.2	-1.13454	4.67723	-10170.2
-0.122011	10170.6	-1.19202	4.79608	-10170.6
-0.121711	10171	-1.24949	4.91492	-10171
-0.121411	10171.5	-1.30696	5.03377	-10171.4
-0.121111	10171.9	-1.36443	5.15262	-10171.9
-0.12081	10172.3	-1.4219	5.27146	-10172.3
-0.12051	10173.6	0.806137	5.78043	-10173.6
-0.12021	10174.4	0.676904	5.87013	-10174.4
-0.11991	10175.2	0.54767	5.95983	-10175.2
-0.11961	10176	0.418437	6.04953	-10176
-0.11931	10176.8	0.289203	6.13923	-10176.8
-0.11901	10177.7	0.15997	6.22893	-10177.6
-0.118709	10178.5	0.0307362	6.31863	-10178.5
-0.118409	10179.3	-0.0984974	6.40833	-10179.3
-0.118109	10180.1	-0.227731	6.49803	-10180.1
-0.117809	10180.9	-0.356964	6.58773	-10180.9
-0.117509	10181.7	-0.486198	6.67743	-10181.7
-0.117209	10182.5	-0.615432	6.76713	-10182.5
-0.116908	10183.3	-0.744665	6.85683	-10183.3
-0.116608	10184.1	-0.873899	6.94653	-10184.1
-0.116308	10184.9	-1.00313	7.03623	-10184.9
-0.116008	10185.7	-1.13237	7.12593	-10185.7
-0.115708	10186.5	-1.2616	7.21563	-10186.5
-0.115408	10187.2	0.0172299	7.53678	-10187.2
-0.115108	10188.3	0.0656434	7.77937	-10188.3
-0.114807	10189.3	0.114057	8.02197	-10189.3
-0.114507	10190.3	0.16247	8.26456	-10190.3
-0.114207	10191.3	0.210884	8.50715	-10191.3
-0.113907	10192.4	0.259297	8.74974	-10192.4
-0.113607	10193.4	0.307711	8.99233	-10193.4
-0.113307	10194.4	0.356124	9.23493	-10194.4
-0.113007	10195.4	0.404538	9.47752	-10195.4
-0.112706	10196.5	0.452951	9.72011	-10196.5
-0.112406	10197.5	0.501365	9.9627	-10197.5
-0.112106	10198.5	0.549778	10.2053	-10198.5
-0.111806	10199.5	0.598192	10.4479	-10199.5
-0.111506	10200.6	0.646605	10.6905	-10200.6
-0.111206	10201.6	0.695019	10.9331	-10201.6
-0.110905	10202.6	0.743432	11.1757	-10202.6
-0.110605	10203.8	0.846168	11.3186	-10203.8
-0.110305	10205.5	0.677175	11.5937	-10205.5
-0.110005	10207.3	0.508181	11.8687	-10207.2
-0.109705	10209	0.339188	12.1438	-10209
-0.109405	10210.7	0.170194	12.4189	-10210.7
-0.109105	10212.5	0.00120069	12.6939	-10212.5
-0.108804	10214.2	-0.167793	12.969	-10214.2
-0.108504	10215.9	-0.336786	13.244	-10215.9
-0.108204	10217.7	-0.50578	13.5191	-10217.7
-0.107904	10219.4	-0.674773	13.7941	-10219.4
-0.107604	10221.2	-0.843767	14.0692	-10221.1
-0.107304	10222.9	-1.01276	14.3442	-10222.9
-0.107004	10224.6	-1.18175	14.6193	-10224.6
-0.106703	10225.6	-2.0322	15.6277	-10225.6
-0.106403	10227.7	-2.10975	16.0509	-10227.7
-0.106103	10229.8	-2.18731	16.474	-10229.8
-0.105803	10231.9	-2.26486	16.8972	-10231.9
-0.105503	10234.1	-2.34242	17.3204	-10234.1
-0.105203	10236.2	-2.41997	17.7436	-10236.2
-0.104902	10238.3	-2.49752	18.1668	-10238.3
-0.104602	10240.4	-2.57508	18.59	-10240.4
-0.104302	10242.6	-2.65263	19.0131	-10242.6
-0.104002	10244.7	-2.73018	19.4363	-10244.7
-0.103702	10246.8	-2.80774	19.8595	-10246.8
-0.103402	10248.9	-2.88529	20.2827	-10248.9
-0.103102	10251.1	-2.96284	20.7059	-10251.1
-0.102801	10253.2	-3.0404	21.129	-10253.2
-0.102501	10255.3	-3.11795	21.5522	-10255.3
-0.102201	10257.5	-3.19551	21.9754	-10257.4
-0.101901	10259.6	-3.27306	22.3986	-10259.6
-0.101601	10261.7	-3.35061	22.8218	-10261.7
-0.101301	10268.7	2.43388	24.6679	-10268.7
-0.101001	10272.6	1.98683	24.9582	-10272.5
-0.1007	10276.4	1.53979	25.2485	-10276.4
-0.1004	10280.3	1.09275	25.5389	-10280.3
-0.1001	10284.2	0.645707	25.8292	-10284.1
-0.0997999	10288	0.198664	26.1195	-10288
-0.0994997	10291.9	-0.248378	26.4099	-10291.9
-0.0991996	10295.8	-0.695421	26.7002	-10295.7
-0.0988994	10299.8	3.17103	27.053	-10299.8
-0.0985993	10303.4	2.42454	28.0097	-10303.3
-0.0982991	10306.9	1.67804	28.9663	-10306.9
-0.097999	10310.5	0.931546	29.923	-10310.5
-0.0976988	10314.1	0.185051	30.8797	-10314
-0.0973987	10317.6	-0.561444	31.8364	-10317.6
-0.0970985	10321.2	-1.30794	32.793	-10321.2
-0.0967984	10324.8	-2.05443	33.7497	-10324.7
-0.0964982	10328.3	-2.80093	34.7064	-10328.3
-0.0961981	10331.9	-3.54742	35.6631	-10331.8
-0.0958979	10335.5	-4.29392	36.6197	-10335.4
-0.0955978	10339	-5.04041	37.5764	-10339
-0.0952976	10342.6	-5.78691	38.5331	-10342.5
-0.0949975	10346.2	-6.5334	39.4898	-10346.1
-0.0946973	10349.7	-7.2799	40.4464	-10349.7
-0.0943972	10353.3	-8.02639	41.4031	-10353.2
-0.094097	10356.9	-8.77289	42.3598	-10356.8
-0.0937969	10359.1	8.28607	44.1954	-10359.1
-0.0934967	10366.3	7.9781	45.3232	-10366.2
-0.0931966	10373.5	7.67012	46.4511	-10373.4
-0.0928964	10380.7	7.36214	47.579	-10380.6
-0.0925963	10387.9	7.05417	48.7069	-10387.8
-0.0922961	10395.1	6.74619	49.8347	-10395
-0.091996	10402.3	6.43822	50.9626	-10402.2
-0.0916958	10409.5	6.13024	52.0905	-10409.4
-0.0913957	10416.7	5.82227	53.2184	-10416.6
-0.0910955	10423.9	5.51429	54.3463	-10423.8
-0.0907954	10431.1	5.20632	55.4741	-10430.9
-0.0904952	10438.3	4.89834	56.602	-10438.1
-0.0901951	10445.5	4.59036	57.7299	-10445.3
-0.0898949	10452.7	4.28239	58.8578	-10452.5
-0.0895948	10459.9	3.97441	59.9856	-10459.7
-0.0892946	10467.1	3.66644	61.1135	-10466.9
-0.0889945	10477.2	1.41668	63.8875	-10477
-0.0886943	10485.9	0.292265	64.9473	-10485.7
-0.0883942	10494.5	-0.832152	66.0071	-10494.3
-0.088094	10503.1	-1.95657	67.0669	-10502.9
-0.0877939	10511.7	-3.08099	68.1267	-10511.5
-0.0874937	10520.3	-4.2054	69.1865	-10520.1
-0.0871936	10528.4	8.07222	71.4463	-10528.2
-0.0868934	10537.8	7.5991	73.8132	-10537.5
-0.0865933	10547.2	7.12598	76.1801	-10546.9
-0.0862931	10556.5	6.65287	78.547	-10556.2
-0.085993	10565.9	6.17975	80.9139	-10565.6
-0.0856928	10575.3	5.70664	83.2808	-10575
-0.0853927	10584.7	5.23352	85.6477	-10584.3
-0.0850925	10594	4.7604	88.0146	-10593.7
-0.0847924	10603.4	4.28729	90.3815	-10603
-0.0844922	10612.8	3.81417	92.7484	-10612.4
-0.0841921	10622.2	3.34106	95.1153	-10621.7
-0.0838919	10631.6	2.86794	97.4822	-10631.1
-0.0835918	10640.9	2.39483	99.8491	-10640.5
-0.0832916	10650.3	1.92171	102.216	-10649.8
-0.0829915	10645.8	6.78525	103.631	-10645.2
-0.0826913	10662.4	6.02748	106.918	-10661.8
-0.0823912	10679	5.2697	110.205	-10678.4
-0.082091	10695.6	4.51193	113.492	-10695
-0.0817909	10712.2	3.75415	116.779	-10711.5
-0.0814907	10728.8	2.99637	120.066	-10728.1
-0.0811906	10745.4	2.2386	123.353	-10744.7
-0.0808904	10762	1.48082	126.64	-10761.3
-0.0805903	10778.6	0.723044	129.927	-10777.8
-0.0802901	10795.2	-0.0347319	133.214	-10794.4
-0.07999	10811.8	-0.792508	136.502	-10811
-0.0796898	10828.5	-1.55028	139.789	-10827.6
-0.0793897	10845.1	-2.30806	143.076	-10844.1
-0.0790895	10861.7	-3.06584	146.363	-10860.7
-0.0787894	10878.3	-3.82361	149.65	-10877.3
-0.0784892	10916.6	-12.4198	172.765	-10915.2
-0.0781891	10935.5	-14.0424	174.877	-10934.1
-0.0778889	10954.4	-15.665	176.989	-10953
-0.0775888	10973.4	-17.2877	179.101	-10971.9
-0.0772886	10992.3	-18.9103	181.213	-10990.8
-0.0769885	11011.2	-20.5329	183.324	-11009.7
-0.0766883	11030.2	-22.1556	185.436	-11028.6
-0.0763882	11049.1	-23.7782	187.548	-11047.5
-0.076088	11068.1	-25.4008	189.66	-11066.4
-0.0757879	11070.9	10.211	204.13	-11069.1
-0.0754877	11098.2	8.30373	207.553	-11096.3
-0.0751876	11125.5	6.39646	210.975	-11123.5
-0.0748874	11152.8	4.48918	214.398	-11150.8
-0.0745873	11180.2	2.58191	217.82	-11178
-0.0742871	11207.5	0.67464	221.243	-11205.3
-0.073987	11234.8	-1.23263	224.665	-11232.5
-0.0736868	11262.1	-3.1399	228.087	-11259.8
-0.0733867	11289.4	-5.04718	231.51	-11287
-0.0730865	11316.7	-6.95445	234.932	-11314.3
-0.0727864	11344	-8.86172	238.355	-11341.5
-0.0724862	11371.3	-10.769	241.777	-11368.8
-0.0721861	11398.6	-12.6763	245.2	-11396
-0.0718859	11426	-14.5835	248.622	-11423.2
-0.0715858	11453.3	-16.4908	252.045	-11450.5
-0.0712856	11480.6	-18.3981	255.467	-11477.7
-0.0709855	11507.9	-20.3054	258.889	-11505
-0.0706853	11571.2	22.6775	281.306	-11567.8
-0.0703852	11608.1	19.2662	284.759	-11604.6
-0.070085	11644.9	15.8548	288.211	-11641.4
-0.0697849	11681.8	12.4435	291.664	-11678.2
-0.0694847	11718.7	9.03213	295.117	-11714.9
-0.0691846	11755.5	5.62078	298.569	-11751.7
-0.0688844	11742.8	-20.6767	333.567	-11738
-0.0685843	11787.5	-21.6315	340.496	-11782.6
-0.0682841	11832.2	-22.5863	347.425	-11827.1
-0.067984	11876.9	-23.541	354.354	-11871.6
-0.0676838	11921.6	-24.4958	361.283	-11916.1
-0.0673837	11966.3	-25.4506	368.212	-11960.6
-0.0670835	12011	-26.4054	375.141	-12005.1
-0.0667834	12055.7	-27.3602	382.07	-12049.6
-0.0664832	12100.4	-28.3149	388.999	-12094.1
-0.0661831	12145.1	-29.2697	395.928	-12138.6
-0.0658829	12189.8	-30.2245	402.857	-12183.1
-0.0655828	12234.5	-31.1793	409.786	-12227.6
-0.0652826	12279.2	-32.134	416.715	-12272.1
-0.0649825	12344.2	41.5939	424.836	-12336.8
-0.0646823	12405.8	37.4323	432.413	-12398.2
-0.0643822	12467.4	33.2707	439.991	-12459.6
-0.064082	12529	29.1092	447.569	-12520.9
-0.0637819	12590.6	24.9476	455.147	-12582.3
-0.0634817	12652.2	20.786	462.724	-12643.7
-0.0631816	12698	6.57456	493.285	-12688.4
-0.0628814	12755.9	6.18394	507.386	-12745.8
-0.0625813	12813.8	5.79333	521.486	-12803.2
-0.0622811	12871.7	5.40271	535.587	-12860.6
-0.061981	12929.7	5.01209	549.687	-12918
-0.0616808	12977.9	11.423	563.363	-12965.7
-0.0613807	13056.3	8.81479	579.096	-13043.4
-0.0610805	13134.6	6.20663	594.829	-13121.1
-0.0607804	13213	3.59847	610.561	-13198.9
-0.0604802	13291.4	0.990305	626.294	-13276.6
-0.0601801	13369.8	-1.61786	642.027	-13354.4
-0.0598799	13448.2	-4.22602	657.76	-13432.1
-0.0595798	13526.6	-6.83418	673.492	-13509.8
-0.0592796	13597.2	-7.80206	675.553	-13580.4
-0.0589795	13672.2	-9.72728	686.597	-13654.9
-0.0586793	13747.1	-11.6525	697.642	-13729.4
-0.0583792	13852.2	-8.37396	710.911	-13833.9
-0.058079	13949.1	-10.6695	723.06	-13930.4
-0.0577789	14046.1	-12.965	735.209	-14026.8
-0.0574787	14131.1	6.59215	768.412	-14110.2
-0.0571786	14221.9	4.36308	789.807	-14199.9
-0.0568784	14312.7	2.13401	811.202	-14289.7
-0.0565783	14403.5	-0.0950678	832.597	-14379.5
-0.0562781	14494.4	-2.32414	853.992	-14469.2
-0.055978	14615.9	-7.78324	870.981	-14590
-0.0556778	14720.8	-7.21712	892.612	-14693.7
-0.0553777	14825.6	-6.651	914.243	-14797.4
-0.0550775	14899.8	17.2604	912.177	-14871.9
-0.0547774	15021.2	15.3131	935.776	-14992
-0.0544772	15142.6	13.3658	959.375	-15112.2
-0.0541771	15264	11.4186	982.974	-15232.3
-0.0538769	15385.4	9.4713	1006.57	-15352.5
-0.0535768	15506.9	7.52403	1030.17	-15472.6
-0.0532766	15628.3	5.57676	1053.77	-15592.8
-0.0529765	15749.8	3.62948	1077.37	-15712.9
-0.0526763	15891.9	-4.94962	1095.86	-15854.1
-0.0523762	16018.8	-9.74405	1119.83	-15979.6
-0.052076	16159.9	-11.0646	1147.91	-16119.1
-0.0517759	16294.9	-0.88308	1165.08	-16253.2
-0.0514757	16434.1	-4.65974	1189.59	-16391
-0.0511756	16573.3	-8.4364	1214.11	-16528.8
-0.0508754	16717	4.44889	1239.71	-16671
-0.0505753	16872.5	2.91057	1265.51	-16825
-0.0502751	17028	1.37224	1291.3	-16979
-0.049975	17183.6	-0.166074	1317.1	-17133
-0.0496748	17344.5	-2.17729	1345.53	-17292.2
-0.0493747	17502.9	-3.7806	1369.69	-17449.2
-0.0490745	17671.1	2.936	1396.59	-17615.8
-0.0487744	17841.6	2.91608	1425.2	-17784.6
-0.0484742	18014.5	0.87909	1454.71	-17955.7
-0.0481741	18190.7	-1.12281	1485.13	-18130
-0.0478739	18371	-2.60819	1513.98	-18308.5
-0.0475738	18556.3	-3.99504	1543.23	-18492
-0.0472736	18740.2	-0.380654	1574.73	-18673.9
-0.0469735	18934.5	3.90359	1604.74	-18866.4
-0.0466733	19129	1.96136	1635.97	-19058.9
-0.0463732	19325.3	-0.0676265	1667.47	-19253.3
-0.046073	19531.3	-2.51197	1700.38	-19457.1
-0.0457729	19737.2	0.889621	1733.1	-19661
-0.0454727	19944	-0.557445	1766.29	-19865.6
-0.0451726	20162	-2.28126	1797.98	-20081.6
-0.0448724	20380	-4.00505	1829.66	-20297.7
-0.0445723	20606.5	2.10611	1863.67	-20522
-0.0442721	20831.9	5.12675	1901.88	-20745
-0.043972	21062.1	2.38831	1936.15	-20972.9
-0.0436718	21292.2	-0.350145	1970.42	-21200.8
-0.0433717	21535	-2.34318	2005.15	-21441.4
-0.0430715	21779.9	-4.19027	2039.99	-21684.1
-0.0427714	22022.9	4.60102	2077.35	-21924.7
-0.0424712	22279.8	1.54526	2112.36	-22179.4
-0.0421711	22536.6	-1.51049	2147.38	-22434.1
-0.0418709	22797.7	5.79164	2189.24	-22692.4
-0.0415708	23065.9	2.97919	2224.67	-22958.4
-0.0412706	23334.1	0.166738	2260.1	-23224.4
-0.0409705	23610.4	-0.944412	2298.33	-23498.3
-0.0406703	23889.7	3.7463	2335.47	-23775.3
-0.0403702	24176.9	0.823231	2374.08	-24060
-0.04007	24464	-2.09984	2412.69	-24344.8
-0.0397699	24754.1	2.77037	2451.59	-24632.4
-0.0394697	25055.2	1.95689	2488.37	-24931.4
-0.0391696	25357.6	1.39781	2527.24	-25231.3
-0.0388694	25664.4	-1.1733	2565.98	-25535.9
-0.0385693	25978.6	7.86233	2606.32	-25847.5
-0.0382691	26298.9	4.61535	2643.44	-26165.7
-0.037969	26618.9	2.79102	2684.54	-26483.2
-0.0376688	26944.8	0.0165472	2722.8	-26806.9
-0.0373687	27274.6	-2.82	2761.02	-27134.5
-0.0370685	27613.8	6.39862	2800.81	-27471.4
-0.0367684	27954.2	3.69873	2840.21	-27809.5
-0.0364682	28297.8	0.853443	2877.3	-28151.1
-0.0361681	28647.3	0.293701	2914.6	-28498.7
-0.0358679	29006.1	-3.10705	2952.94	-28855.4
-0.0355678	29369.9	3.61062	2996.44	-29216.7
-0.0352676	29727.3	7.95524	3032.54	-29572.2
-0.0349675	30100.1	5.25288	3066.9	-29943.5
-0.0346673	30471	2.54416	3104.02	-30312.5
-0.0343672	30845.6	0.453791	3140.22	-30685.4
-0.034067	31234.2	-1.5639	3179.45	-31071.9
-0.0337669	31622.7	-3.58159	3218.68	-31458.5
-0.0334667	32008.6	1.66794	3248.53	-31843.3
-0.0331666	32407.8	-2.75339	3287.68	-32240.6
-0.0328664	32810.2	-1.47561	3322.66	-32641.5
-0.0325663	33212.4	-3.51756	3360.83	-33041.9
-0.0322661	33626.1	-1.73538	3393.22	-33454.5
-0.031966	34035.5	4.41621	3425.26	-33862.7
-0.0316658	34454.6	2.35032	3460.24	-34280.4
-0.0313657	34873.7	0.28443	3495.23	-34698.1
-0.0310655	35296.2	-2.50713	3525.6	-35119.7
-0.0307654	35726.9	-3.50901	3554.18	-35549.7
-0.0304652	36157.7	-4.51087	3582.76	-35979.7
-0.0301651	36597.2	1.34756	3613.06	-36418.4
-0.0298649	37032.7	2.90631	3644.07	-36853
-0.0295648	37477.8	1.28949	3671.05	-37297.6
-0.0292646	37922.9	-0.327311	3698.03	-37742.2
-0.0289645	38373	-1.32883	3723.28	-38191.9
-0.0286643	38826.8	-2.99537	3749.36	-38645.3
-0.0283642	39280.1	-4.46474	3776.2	-39098.1
-0.028064	39738.2	4.79033	3796.11	-39556.4
-0.0277639	40204.3	-1.03693	3821.92	-40022.2
-0.0274637	40666.6	-2.86775	3842.88	-40484.6
-0.0271636	41131.1	1.62652	3863.53	-40949.2
-0.0268634	41603	0.3833	3882.69	-41421.5
-0.0265633	42075	-0.859921	3901.86	-41893.7
-0.0262631	42545.2	-2.59045	3918.62	-42364.4
-0.025963	43022.6	-0.319989	3936.67	-42842.1
-0.0256628	43501.1	-0.671617	3949.9	-43321.4
-0.0253627	43979.7	-1.02323	3963.13	-43800.8
-0.0250625	44462.9	-0.18109	3977.34	-44284.7
-0.0247624	44941.9	0.569747	3989.64	-44764.5
-0.0244622	45426.8	0.199153	3999.23	-45250.4
-0.0241621	45912.3	-0.193724	4008.3	-45737
-0.0238619	46397.6	-0.600776	4015.86	-46223.5
-0.0235618	46885.2	0.00624292	4021.33	-46712.4
-0.0232616	47371.4	1.22093	4026.61	-47200
-0.0229615	47860.8	-0.468413	4030.94	-47690.7
-0.0226613	48347.7	-0.646379	4033.2	-48179.2
-0.0223612	48836.9	0.0145153	4033.77	-48670
-0.022061	49325.5	0.314429	4033.62	-49160.3
-0.0217609	49815.5	0.28903	4030.69	-49652.2
-0.0214607	50302	-0.378615	4028.54	-50140.4
-0.0211606	50789.4	-0.148707	4023.22	-50629.8
-0.0208604	51276.9	-0.222383	4016.94	-51119.3
-0.0205603	51762.9	-0.237269	4008.88	-51607.5
-0.0202601	52248.4	0.51254	3998.16	-52095.2
-0.01996	52731.3	0.959632	3986.91	-52580.4
-0.0196598	53214.2	1.40677	3975.67	-53065.5
-0.0193597	53696.4	0.334461	3959.02	-53550.3
-0.0190595	54172.8	-3.13261	3944.31	-54029
-0.0187594	54650.2	-1.99538	3925.85	-54509
-0.0184592	55124.3	-0.239126	3907.63	-54985.6
-0.0181591	55598.5	-1.57546	3884.93	-55462.6
-0.0178589	56066.1	-0.126396	3859.69	-55933.1
-0.0175588	56533.8	-2.19424	3834.65	-56403.6
-0.0172586	56995.4	-5.5418	3811.5	-56867.8
-0.0169585	57455	-3.55017	3781.77	-57330.4
-0.0166583	57914.7	-1.55852	3752.03	-57793.1
-0.0163582	58370	-0.158963	3720.72	-58251.3
-0.016058	58814.6	2.18113	3687.89	-58698.9
-0.0157579	59259.3	4.52122	3655.06	-59146.4
-0.0154577	59708.5	-2.73854	3615.84	-59598.9
-0.0151576	60136.6	-0.970348	3568.96	-60030.6
-0.0148574	60567	2.07981	3528.14	-60464.2
-0.0145573	60997.6	5.12999	3487.32	-60897.8
-0.0142571	61416.6	-2.27757	3443.48	-61320
-0.013957	61828	0.679909	3397.62	-61734.5
-0.0136568	62240.7	4.15083	3347.84	-62150.6
-0.0133567	62641.4	-5.6821	3295.75	-62554.7
-0.0130565	63038.1	-2.33511	3242.75	-62954.6
-0.0127564	63431.6	-0.684959	3187.18	-63351.5
-0.0124562	63813.7	1.49726	3130.07	-63736.9
-0.0121561	64187.1	4.45862	3071.75	-64113.5
-0.0118559	64561.5	7.80852	3011.55	-64491.2
-0.0115558	64925.2	-12.4635	2952.79	-64858
-0.0112556	65273.8	-7.85916	2885.61	-65210
-0.0109555	65622.5	-3.25477	2818.43	-65562
-0.0106553	65962.4	0.783413	2750.59	-65905
-0.0103552	66289.2	3.58805	2678.27	-66235.1
-0.010055	66612.7	7.29776	2609.9	-66561.5
-0.00975488	66925.8	-0.135087	2537.62	-66877.7
-0.00945473	67226	4.73875	2460.89	-67181
-0.00915458	67526.7	-5.26367	2384.96	-67484.6
-0.00885443	67808.2	-2.39097	2309.11	-67768.9
-0.00855428	68085.2	1.34349	2231.83	-68048.6
-0.00825413	68355.3	6.88878	2150.39	-68321.5
-0.00795398	68608.2	9.3394	2070.64	-68576.9
-0.00765383	68861.1	11.79	1990.88	-68832.3
-0.00735368	69086	6.09553	1897.05	-69060
-0.00705353	69315.2	10.0699	1804.27	-69291.7
-0.00675338	69531.6	-5.85791	1730.41	-69510
-0.00645323	69734.7	-3.60335	1637.35	-69715.5
-0.00615308	69936.1	-3.08227	1543.34	-69919.1
-0.00585293	70114.3	1.11014	1449.08	-70099.3
-0.00555278	70283.8	1.73207	1356.09	-70270.7
-0.00525263	70442	7.77869	1265.87	-70430.6
-0.00495248	70589.2	-0.893415	1169.46	-70579.5
-0.00465233	70734.4	-6.41157	1075.59	-70726.2
-0.00435218	70851.5	-0.15755	979.605	-70844.8
-0.00405203	70970.9	6.49612	879.295	-70965.4
-0.00375188	71071	1.43892	781.241	-71066.7
-0.00345173	71167.6	9.99238	681.074	-71164.3
-0.00315158	71235.2	7.82656	579.541	-71232.8
-0.00285143	71300.3	-4.07245	477.729	-71298.7
-0.00255128	71356.5	10.2575	376.289	-71355.5
-0.00225113	71398	-14.3145	274.716	-71397.5
-0.00195098	71425.8	-6.77662	171.639	-71425.6
-0.00165083	71443.1	0.629504	70.9013	-71443
-0.00135068	71444.7	6.31996	-32.0228	-71444.7
-0.00105053	71445.3	13.0456	-137.812	-71445.2
-0.000750375	71417.5	-5.29603	-239.767	-71417.1
-0.000450225	71382	-0.298029	-342.236	-71381.2
-0.000150075	71344.5	3.72275	-451.605	-71343.1
0.000150075	71271.3	7.9085	-560.308	-71269.1
0.000450225	71196.1	13.1788	-668.554	-71193
0.000750375	71129.4	9.0474	-760.115	-71125.3
0.00105053	71026.1	-8.03801	-877.838	-71020.6
0.00135068	70912.6	-0.475691	-979.791	-70905.8
0.00165083	70799.2	7.08663	-1081.74	-70790.9
0.00195098	70654.4	-19.2158	-1195.28	-70644.2
0.00225113	70503.4	-12.2145	-1298.56	-70491.4
0.00255128	70352.6	-5.21323	-1401.84	-70338.6
0.00285143	70168.6	-11.3619	-1499.92	-70152.6
0.00315158	69981	-4.12118	-1597.55	-69962.7
0.00345173	69784.2	9.92025	-1703.53	-69763.4
0.00375188	69579.8	-7.44076	-1811.18	-69556.3
0.00405203	69352.8	-1.95442	-1911.85	-69326.5
0.00435218	69126	3.53193	-2012.53	-69096.7
0.00465233	68868.9	4.22455	-2114.03	-68836.5
0.00495248	68607.6	7.16188	-2214.43	-68571.8
0.00525263	68341.1	11.786	-2309.87	-68302
0.00555278	68051	-9.62008	-2421.2	-68007.9
0.00585293	67757.3	-5.33722	-2512.56	-67710.7
0.00615308	67455.4	-0.660416	-2604.08	-67405.1
0.00645323	67132.8	3.91554	-2697.32	-67078.6
0.00675338	66805.2	11.8553	-2793.01	-66746.8
0.00705353	66456.6	-19.3447	-2887.33	-66393.8
0.00735368	66100.4	-10.8345	-2978.82	-66033.2
0.00765383	65743.3	-3.03127	-3070.69	-65671.6
0.00795398	65376.3	0.737789	-3162.24	-65299.8
0.00825413	64978.7	5.50126	-3254.96	-64897.1
0.00855428	64584.3	10.1428	-3339.93	-64497.9
0.00885443	64180.7	-2.88491	-3422.16	-64089.4
0.00915458	63762.9	1.48171	-3505.69	-63666.5
0.00945473	63333.3	6.89835	-3587.51	-63231.6
0.00975488	62901.6	12.5392	-3667.61	-62794.6
0.010055	62449.8	3.89746	-3744.91	-62337.4
0.0103552	61995.5	11.9227	-3820.95	-61877.6
0.0106553	61530.2	-5.79088	-3897.24	-61406.7
0.0109555	61049	-1.90419	-3975.71	-60919.4
0.0112556	60567.9	1.98251	-4054.18	-60432.1
0.0115558	60085.7	-6.89437	-4112.11	-59944.8
0.0118559	59579	-4.10189	-4180.25	-59432.2
0.0121561	59072.5	-1.30933	-4248.39	-58919.5
0.0124562	58554.8	1.33793	-4313.95	-58395.7
0.0127564	58030.6	3.97692	-4375.46	-57865.4
0.0130565	57499.4	-1.8283	-4435.25	-57328.1
0.0133567	56960.6	-6.99161	-4490.78	-56783.3
0.0136568	56414.5	-3.86715	-4547.92	-56230.9
0.013957	55864.9	-0.913475	-4602.21	-55675
0.0142571	55302.1	3.78982	-4654.98	-55105.9
0.0145573	54747.3	-5.28618	-4701.78	-54545
0.0148574	54170.4	-2.66639	-4746.43	-53962
0.0151576	53594	-0.233853	-4792.6	-53379.2
0.0154577	53015.2	2.27519	-4838.51	-52793.9
0.0157579	52425.3	3.11267	-4878.62	-52197.8
0.016058	51838.7	4.98363	-4915.45	-51605.1
0.0163582	51242.3	-3.3487	-4951.22	-51002.5
0.0166583	50639.8	0.843281	-4983.91	-50394
0.0169585	50037.4	5.46835	-5016.66	-49785.3
0.0172586	49434.8	8.39614	-5050.57	-49176.1
0.0175588	48820.1	-2.99252	-5077.8	-48555.3
0.0178589	48206.2	1.92496	-5099.08	-47935.8
0.0181591	47592.8	-2.07884	-5126.1	-47315.9
0.0184592	46970.5	-0.285062	-5145.23	-46687.9
0.0187594	46348.5	1.50873	-5164.37	-46059.9
0.0190595	45727.3	-0.868464	-5182.2	-45432.7
0.0193597	45099.1	-0.379601	-5194.77	-44798.9
0.0196598	44471	0.109212	-5207.34	-44165.1
0.01996	43843.1	-1.60879	-5221.74	-43531.1
0.0202601	43212.2	-1.09599	-5228.02	-42894.8
0.0205603	42581.5	-0.583205	-5234.3	-42258.6
0.0208604	41950.3	0.0346471	-5238.77	-41621.9
0.0211606	41320.6	0.110833	-5241.97	-40986.8
0.0214607	40686.1	-1.21063	-5242.18	-40346.9
0.0217609	40053.6	1.84269	-5240.83	-39709.2
0.022061	39424.1	1.27311	-5237.45	-39074.7
0.0223612	38793.4	0.349739	-5233.14	-38438.8
0.0226613	38159.2	-0.18267	-5226.42	-37799.6
0.0229615	37532.5	-0.430915	-5216.91	-37168.2
0.0232616	36905	-0.710447	-5207.61	-36535.7
0.0235618	36277.1	0.335242	-5193.5	-35903.4
0.0238619	35650.7	0.00291559	-5180.65	-35272.3
0.0241621	35029.5	-0.436424	-5165.87	-34646.5
0.0244622	34408.6	0.0153349	-5149.13	-34021.2
0.0247624	33785.8	-1.35339	-5130.49	-33394
0.0250625	33171	1.47392	-5109.76	-32775.1
0.0253627	32556.7	-0.184709	-5088.93	-32156.5
0.0256628	31945.6	1.12763	-5065.28	-31541.4
0.025963	31337.4	-0.823389	-5039.26	-30929.6
0.0262631	30730.7	-2.89904	-5014.39	-30318.8
0.0265633	30128.1	2.90936	-4986.83	-29712.5
0.0268634	29531.2	2.2756	-4960.22	-29111.7
0.0271636	28934.2	-0.531278	-4927.19	-28511.6
0.0274637	28343.8	-2.93969	-4895.88	-27917.8
0.0277639	27753.6	-5.11583	-4864.8	-27323.9
0.028064	27170.5	-0.698999	-4831.29	-26737.5
0.0283642	26590.7	-2.4112	-4797.11	-26154.4
0.0286643	26019.5	-0.440927	-4759.7	-25580.4
0.0289645	25451	-1.69402	-4725.96	-25008.4
0.0292646	24879.3	0.959813	-4685.29	-24434.1
0.0295648	24315.8	-1.02943	-4646.5	-23867.8
0.0298649	23761.8	-3.01568	-4606.46	-23311
0.0301651	23213.2	-3.59369	-4567.53	-22759.4
0.0304652	22662.3	4.42724	-4526.83	-22205.6
0.0307654	22123.3	1.48213	-4483.28	-21664.3
0.0310655	21584.9	-1.24729	-4439.17	-21123.5
0.0313657	21056.9	-4.47641	-4393.73	-20593.4
0.0316658	20528.4	-7.1794	-4352.48	-20061.7
0.031966	20011.2	3.60839	-4308.23	-19541.9
0.0322661	19494.6	0.919374	-4256.89	-19024.1
0.0325663	18986.7	5.88899	-4211.27	-18513.7
0.0328664	18486	0.900771	-4164.35	-18010.9
0.0331666	17985.6	-4.08749	-4117.43	-17508
0.0334667	17494.3	4.09933	-4069.8	-17014.4
0.0337669	17013.9	1.79582	-4023.27	-16531.4
0.034067	16533.7	-0.507777	-3976.74	-16048.4
0.0343672	16054	6.38569	-3923.28	-15567.2
0.0346673	15592.9	4.42019	-3876.79	-15103.3
0.0349675	15130.2	2.64025	-3826.92	-14638.2
0.0352676	14675.1	0.680621	-3776.46	-14180.8
0.0355678	14230.3	-2.35248	-3725.69	-13734
0.0358679	13786	-5.38552	-3674.92	-13287.1
0.0361681	13347.2	-2.7742	-3625.31	-12845.4
0.0364682	12920.3	-5.56051	-3572.85	-12416.4
0.0367684	12496.6	-8.34529	-3520.53	-11990.4
0.0370685	12083.2	-10.5245	-3475.99	-11572.5
0.0373687	11667	6.60217	-3422.74	-11153.6
0.0376688	11265.3	4.40553	-3369.5	-10749.6
0.037969	10863.8	2.54904	-3322.27	-10343.4
0.0382691	10474.4	-1.01936	-3272.07	-9950.18
0.0385693	10090.7	-4.12026	-3222.95	-9562.19
0.0388694	9707.69	-7.22123	-3173.83	-9174.21
0.0391696	9337.93	1.49973	-3125.13	-8799.46
0.0394697	8974.57	-2.1863	-3077.16	-8430.54
0.0397699	8613.05	-3.38928	-3027.13	-8063.57
0.04007	8258.52	8.57589	-2975.53	-7703.85
0.0403702	7915.39	5.89266	-2923.72	-7355.63
0.0406703	7571.96	2.5697	-2877.39	-7003.94
0.0409705	7238.14	-0.179751	-2831.36	-6661.39
0.0412706	6915.25	-2.76371	-2785.85	-6329.27
0.0415708	6590.18	-9.8387	-2736.46	-5995.18
0.0418709	6280.25	3.40276	-2690.44	-5674.77
0.0421711	5971.5	2.11323	-2643.14	-5354.68
0.0424712	5670.37	0.793628	-2595.76	-5041.34
0.0427714	5378.32	-2.40093	-2547.65	-4736.64
0.0430715	5087.25	5.28234	-2504.27	-4428.18
0.0433717	4813.43	3.22354	-2461.16	-4136.64
0.0436718	4543.14	0.540273	-2417.42	-3846.59
0.043972	4280.03	3.62479	-2374.23	-3561.14
0.0442721	4025.24	0.243798	-2331.09	-3281.55
0.0445723	3772.61	8.37381	-2289.03	-2998.81
0.0448724	3538.55	4.60764	-2244.8	-2735.36
0.0451726	3309.5	0.84142	-2200.57	-2471.91
0.0454727	3087.74	-1.47518	-2161.11	-2205.39
0.0457729	2884.02	5.64985	-2119.36	-1955.99
0.046073	2691.32	1.24838	-2079.69	-1708.24
0.0463732	2508.94	-3.15306	-2040.02	-1460.5
0.0466733	2342.69	-0.843263	-2001.04	-1218.21
0.0469735	2195.42	-3.01705	-1962.78	-983.556
0.0472736	2066.88	0.670951	-1924.63	-753.53
0.0475738	1957.24	-0.695254	-1885.09	-526.519
0.0478739	1871.94	6.95803	-1847.78	-299.713
0.0481741	1814.17	3.73001	-1812.03	-88.0424
0.0484742	1780.58	0.502001	-1776.28	123.628
0.0487744	1774.28	-2.72033	-1742.1	336.349
0.0490745	1791.92	4.73428	-1708.7	539.729
0.0493747	1828.15	0.333913	-1669.66	744.574
0.0496748	1887.15	-3.76423	-1638.23	936.762
0.049975	1963.78	-7.86234	-1606.81	1128.95
0.0502751	2056.06	-11.9605	-1575.39	1321.14
0.0505753	2155.17	6.7073	-1539.11	1508.6
0.0508754	2256.33	3.44074	-1510.1	1676.49
0.0511756	2371.15	17.7243	-1464.37	1864.85
0.0514757	2487.56	16.1856	-1437.29	2030.24
0.0517759	2609.54	14.6469	-1410.21	2195.64
0.052076	2736.36	13.1081	-1383.13	2361.03
0.0523762	2867.37	11.5694	-1356.05	2526.43
0.0526763	3002.02	10.0307	-1328.97	2691.82
0.0529765	3139.85	8.49196	-1301.89	2857.22
0.0532766	3270	5.43412	-1272.9	3012.07
0.0535768	3393.64	1.23065	-1247.19	3156.16
0.0538769	3519.03	-2.97283	-1221.47	3300.24
0.0541771	3646	-7.1763	-1195.75	3444.33
0.0544772	3774.37	-11.3798	-1170.03	3588.42
0.0547774	3904.01	-15.5833	-1144.31	3732.51
0.0550775	4007.58	-9.76471	-1129.55	3845.09
0.0553777	4121.83	-11.7472	-1104.64	3971.03
0.0556778	4236.88	-13.7296	-1079.73	4096.97
0.055978	4352.69	-15.712	-1054.82	4222.92
0.0562781	4476.91	28.1743	-1035.18	4355.5
0.0565783	4584.85	22.8724	-1013.67	4471.34
0.0568784	4693.28	17.5704	-992.163	4587.17
0.0571786	4802.15	12.2685	-970.657	4703.01
0.0574787	4911.44	6.96662	-949.15	4818.85
0.0577789	5023.1	3.18506	-922.03	4937.75
0.058079	5123.41	0.874919	-900.194	5043.71
0.0583792	5224.04	-1.43522	-878.358	5149.67
0.0586793	5324.96	-3.74536	-856.521	5255.62
0.0589795	5426.16	-6.0555	-834.685	5361.58
0.0592796	5506.13	-6.7383	-813.215	5445.74
0.0595798	5594.46	-10.8412	-796.469	5537.47
0.0598799	5682.96	-14.944	-779.723	5629.19
0.0601801	5771.6	-19.0469	-762.977	5720.92
0.0604802	5860.39	-23.1497	-746.231	5812.64
0.0607804	5949.32	-27.2526	-729.485	5904.37
0.0610805	6038.39	-31.3554	-712.739	5996.09
0.0613807	6115.48	15.9179	-700.247	6075.24
0.0616808	6190.28	10.6943	-684.779	6152.27
0.061981	6265.17	5.47075	-669.31	6229.31
0.0622811	6340.15	0.247163	-653.842	6306.35
0.0625813	6415.23	-4.97643	-638.374	6383.38
0.0628814	6490.39	-10.2	-622.906	6460.42
0.0631816	6570.96	-15.3562	-612.573	6542.32
0.0634817	6636.29	-19.2348	-599.297	6609.15
0.0637819	6701.68	-23.1135	-586.021	6675.97
0.064082	6767.12	-26.9921	-572.745	6742.79
0.0643822	6832.62	-30.8707	-559.469	6809.61
0.0646823	6898.18	-34.7494	-546.194	6876.43
0.0649825	6963.78	-38.628	-532.918	6943.25
0.0652826	7029.44	-42.5066	-519.642	7010.08
0.0655828	7096.65	34.4212	-500.512	7078.89
0.0658829	7148.27	30.7223	-488.981	7131.46
0.0661831	7199.93	27.0234	-477.451	7184.03
0.0664832	7251.63	23.3245	-465.921	7236.6
0.0667834	7303.35	19.6256	-454.39	7289.18
0.0670835	7355.11	15.9267	-442.86	7341.75
0.0673837	7406.9	12.2278	-431.33	7394.32
0.0676838	7458.72	8.52885	-419.799	7446.89
0.067984	7510.57	4.82994	-408.269	7499.46
0.0682841	7573.29	-4.63475	-411.759	7562.09
0.0685843	7625.45	-6.70202	-402.391	7614.82
0.0688844	7677.63	-8.76929	-393.022	7667.55
0.0691846	7729.82	-10.8366	-383.653	7720.29
0.0694847	7782.04	-12.9038	-374.284	7773.02
0.0697849	7834.28	-14.9711	-364.915	7825.76
0.070085	7804.94	30.2491	-336.676	7797.62
0.0703852	7847.67	27.2503	-332.001	7840.6
0.0706853	7890.41	24.2515	-327.327	7883.58
0.0709855	7933.16	21.2528	-322.653	7926.56
0.0712856	8044.52	20.6818	-282.137	8039.54
0.0715858	8072.11	19.2435	-278.995	8067.27
0.0718859	8099.71	17.8051	-275.853	8094.99
0.0721861	8127.3	16.3668	-272.712	8122.71
0.0724862	8154.9	14.9284	-269.57	8150.43
0.0727864	8182.5	13.4901	-266.428	8178.15
0.0730865	8210.11	12.0517	-263.286	8205.88
0.0733867	8237.71	10.6134	-260.145	8233.6
0.0736868	8265.32	9.17499	-257.003	8261.32
0.073987	8292.93	7.73664	-253.861	8289.04
0.0742871	8320.54	6.29828	-250.72	8316.76
0.0745873	8348.16	4.85992	-247.578	8344.49
0.0748874	8375.78	3.42157	-244.436	8372.21
0.0751876	8403.39	1.98321	-241.294	8399.93
0.0754877	8431.02	0.544856	-238.153	8427.65
0.0757879	8458.64	-0.893501	-235.011	8455.37
0.076088	8486.26	-2.33186	-231.869	8483.1
0.0763882	8513.89	-3.77021	-228.728	8510.82
0.0766883	8541.52	-5.20857	-225.586	8538.54
0.0769885	8569.15	-6.64693	-222.444	8566.26
0.0772886	8596.78	-8.08528	-219.302	8593.98
0.0775888	8624.42	-9.52364	-216.161	8621.71
0.0778889	8652.06	-10.962	-213.019	8649.43
0.0781891	8650.35	18.5385	-185.077	8648.35
0.0784892	8672.97	16.4392	-182.686	8671.03
0.0787894	8695.59	14.34	-180.295	8693.71
0.0790895	8718.22	12.2408	-177.904	8716.39
0.0793897	8740.84	10.1415	-175.514	8739.08
0.0796898	8763.47	8.04229	-173.123	8761.76
0.07999	8786.1	5.94306	-170.732	8784.44
0.0802901	8836.49	-5.2375	-145.651	8835.28
0.0805903	8850.44	-5.69763	-144.148	8849.26
0.0808904	8864.39	-6.15777	-142.645	8863.24
0.0811906	8878.34	-6.6179	-141.142	8877.22
0.0814907	8892.29	-7.07803	-139.639	8891.19
0.0817909	8906.24	-7.53816	-138.136	8905.17
0.082091	8920.2	-7.99829	-136.633	8919.15
0.0823912	8934.15	-8.45843	-135.13	8933.12
0.0826913	8948.1	-8.91856	-133.627	8947.1
0.0829915	8962.06	-9.37869	-132.124	8961.08
0.0832916	8976.01	-9.83882	-130.621	8975.05
0.0835918	8989.96	-10.299	-129.117	8989.03
0.0838919	9003.92	-10.7591	-127.614	9003.01
0.0841921	9017.87	-11.2192	-126.111	9016.98
0.0844922	9031.83	-11.6793	-124.608	9030.96
0.0847924	9045.78	-12.1395	-123.105	9044.94
0.0850925	9059.74	-12.5996	-121.602	9058.91
0.0853927	9073.7	-13.0597	-120.099	9072.89
0.0856928	9087.65	-13.5199	-118.596	9086.87
0.085993	9101.61	-13.98	-117.093	9100.84
0.0862931	9115.57	-14.4401	-115.59	9114.82
0.0865933	9129.52	-14.9003	-114.087	9128.8
0.0868934	9143.48	-15.3604	-112.584	9142.78
0.0871936	9157.44	-15.8205	-111.081	9156.75
0.0874937	9171.4	-16.2807	-109.578	9170.73
0.0877939	9162.14	4.61158	-91.6548	9161.68
0.088094	9172.67	3.26454	-90.2781	9172.22
0.0883942	9195.76	-7.70637	-74.3317	9195.46
0.0886943	9203.33	-7.9352	-73.6179	9203.04
0.0889945	9210.91	-8.16403	-72.9041	9210.62
0.0892946	9218.49	-8.39286	-72.1903	9218.2
0.0895948	9226.06	-8.62169	-71.4765	9225.78
0.0898949	9233.64	-8.85052	-70.7627	9233.36
0.0901951	9241.21	-9.07935	-70.0489	9240.94
0.0904952	9248.79	-9.30818	-69.3351	9248.53
0.0907954	9256.37	-9.53702	-68.6214	9256.11
0.0910955	9263.94	-9.76585	-67.9076	9263.69
0.0913957	9271.52	-9.99468	-67.1938	9271.27
0.0916958	9279.1	-10.2235	-66.48	9278.85
0.091996	9286.67	-10.4523	-65.7662	9286.43
0.0922961	9294.25	-10.6812	-65.0524	9294.02
0.0925963	9301.83	-10.91	-64.3386	9301.6
0.0928964	9309.4	-11.1388	-63.6248	9309.18
0.0931966	9316.98	-11.3677	-62.911	9316.76
0.0934967	9324.56	-11.5965	-62.1973	9324.34
0.0937969	9332.13	-11.8253	-61.4835	9331.92
0.094097	9339.71	-12.0542	-60.7697	9339.5
0.0943972	9347.29	-12.283	-60.0559	9347.09
0.0946973	9354.86	-12.5118	-59.3421	9354.67
0.0949975	9362.44	-12.7406	-58.6283	9362.25
0.0952976	9370.02	-12.9695	-57.9145	9369.83
0.0955978	9377.6	-13.1983	-57.2007	9377.41
0.0958979	9385.17	-13.4271	-56.4869	9384.99
0.0961981	9392.75	-13.656	-55.7732	9392.58
0.0964982	9400.33	-13.8848	-55.0594	9400.16
0.0967984	9386.42	6.38415	-42.2697	9386.32
0.0970985	9391.15	5.89027	-41.6732	9391.05
0.0973987	9395.87	5.39638	-41.0767	9395.78
0.0976988	9400.6	4.9025	-40.4802	9400.51
0.097999	9405.32	4.40862	-39.8837	9405.23
0.0982991	9410.05	3.91474	-39.2872	9409.96
0.0985993	9414.77	3.42085	-38.6907	9414.69
0.0988994	9419.5	2.92697	-38.0943	9419.42
0.0991996	9424.22	2.43309	-37.4978	9424.15
0.0994997	9428.95	1.9392	-36.9013	9428.87
0.0997999	9433.67	1.44532	-36.3048	9433.6
0.1001	9438.4	0.951437	-35.7083	9438.33
0.1004	9449.24	-1.62656	-29.9073	9449.19
0.1007	9451.84	-1.60787	-29.4167	9451.8
0.101001	9454.44	-1.58917	-28.9261	9454.4
0.101301	9457.04	-1.57048	-28.4356	9457
0.101601	9459.64	-1.55179	-27.945	9459.6
0.101901	9462.24	-1.5331	-27.4544	9462.2
0.102201	9464.85	-1.5144	-26.9638	9464.81
0.102501	9467.45	-1.49571	-26.4733	9467.41
0.102801	9470.05	-1.47702	-25.9827	9470.01
0.103102	9472.65	-1.45833	-25.4921	9472.61
0.103402	9475.25	-1.43963	-25.0015	9475.22
0.103702	9477.85	-1.42094	-24.511	9477.82
0.104002	9480.45	-1.40225	-24.0204	9480.42
0.104302	9483.05	-1.38356	-23.5298	9483.02
0.104602	9485.65	-1.36486	-23.0392	9485.63
0.104902	9488.26	-1.34617	-22.5487	9488.23
0.105203	9490.86	-1.32748	-22.0581	9490.83
0.105503	9493.46	-1.30879	-21.5675	9493.43
0.105803	9496.06	-1.29009	-21.0769	9496.04
0.106103	9498.66	-1.2714	-20.5864	9498.64
0.106403	9501.26	-1.25271	-20.0958	9501.24
0.106703	9503.86	-1.23402	-19.6052	9503.84
0.107004	9503.41	2.53898	-16.9963	9503.4
0.107304	9505.58	2.24402	-16.8055	9505.57
0.107604	9507.76	1.94906	-16.6148	9507.74
0.107904	9509.93	1.6541	-16.424	9509.91
0.108204	9512.1	1.35914	-16.2332	9512.09
0.108504	9514.27	1.06418	-16.0424	9514.26
0.108804	9516.44	0.769226	-15.8517	9516.43
0.109105	9518.61	0.474267	-15.6609	9518.6
0.109405	9520.79	0.179308	-15.4701	9520.77
0.109705	9522.96	-0.11565	-15.2793	9522.95
0.110005	9525.13	-0.410609	-15.0886	9525.12
0.110305	9527.3	-0.705568	-14.8978	9527.29
0.110605	9529.47	-1.00053	-14.707	9529.46
0.110905	9534.49	2.51289	-12.9434	9534.48
0.111206	9535.65	2.40787	-12.6799	9535.64
0.111506	9536.8	2.30284	-12.4164	9536.8
0.111806	9537.96	2.19781	-12.1529	9537.95
0.112106	9539.12	2.09279	-11.8894	9539.11
0.112406	9540.28	1.98776	-11.6259	9540.27
0.112706	9541.44	1.88274	-11.3624	9541.43
0.113007	9542.6	1.77771	-11.0989	9542.59
0.113307	9543.75	1.67268	-10.8354	9543.75
0.113607	9544.91	1.56766	-10.5719	9544.91
0.113907	9546.07	1.46263	-10.3084	9546.06
0.114207	9547.23	1.35761	-10.0449	9547.22
0.114507	9548.39	1.25258	-9.78141	9548.38
0.114807	9549.54	1.14755	-9.51791	9549.54
0.115108	9550.7	1.04253	-9.2544	9550.7
0.115408	9551.86	0.937502	-8.9909	9551.86
0.115708	9553.02	0.832476	-8.7274	9553.02
0.116008	9554.18	0.72745	-8.4639	9554.17
0.116308	9555.67	0.815163	-8.41713	9555.67
0.116608	9556.61	0.722435	-8.25886	9556.61
0.116908	9557.55	0.629707	-8.10059	9557.55
0.117209	9558.49	0.536978	-7.94232	9558.49
0.117509	9559.43	0.44425	-7.78404	9559.42
0.117809	9560.37	0.351522	-7.62577	9560.36
0.118109	9561.31	0.258794	-7.4675	9561.3
0.118409	9562.24	0.166066	-7.30923	9562.24
0.118709	9563.18	0.0733376	-7.15096	9563.18
0.11901	9564.12	-0.0193905	-6.99269	9564.12
0.11931	9565.06	-0.112119	-6.83442	9565.06
0.11961	9566	-0.204847	-6.67615	9566
0.11991	9566.94	-0.297575	-6.51788	9566.94
0.12021	9567.88	-0.390303	-6.35961	9567.88
0.12051	9568.82	-0.483031	-6.20134	9568.82
0.12081	9569.76	-0.575759	-6.04307	9569.76
0.121111	9570.7	-0.668488	-5.8848	9570.7
0.121411	9571.64	-0.761216	-5.72653	9571.63
0.121711	9571.26	-0.409321	-5.955	9571.25
0.122011	9571.74	-0.44757	-5.84957	9571.74
0.122311	9572.23	-0.485819	-5.74413	9572.23
0.122611	9572.72	-0.524068	-5.6387	9572.72
0.122911	9573.21	-0.562317	-5.53326	9573.21
0.123212	9573.7	-0.600566	-5.42783	9573.7
0.123512	9574.19	-0.638815	-5.3224	9574.18
0.123812	9574.67	-0.677063	-5.21696	9574.67
0.124112	9575.16	-0.715312	-5.11153	9575.16
0.124412	9575.65	-0.753561	-5.0061	9575.65
0.124712	9576.14	-0.79181	-4.90066	9576.14
0.125013	9576.63	-0.830059	-4.79523	9576.63
0.125313	9577.12	-0.868308	-4.68979	9577.12
0.125613	9577.6	-0.906557	-4.58436	9577.6
0.125913	9578.09	-0.944806	-4.47893	9578.09
0.126213	9578.58	-0.983055	-4.37349	9578.58
0.126513	9579.07	-1.0213	-4.26806	9579.07
0.126813	9579.56	-1.05955	-4.16263	9579.56
0.127114	9580.05	-1.0978	-4.05719	9580.05
0.127414	9580.54	-1.13605	-3.95176	9580.53
0.127714	9581.06	0.157299	-3.96001	9581.06
0.128014	9581.48	0.0965561	-3.9079	9581.48
0.128314	9581.91	0.0358128	-3.8558	9581.91
0.128614	9582.33	-0.0249305	-3.80369	9582.33
0.128914	9582.76	-0.0856737	-3.75159	9582.76
0.129215	9584.03	0.298251	-2.96416	9584.03
0.129515	9584.3	0.263742	-2.9141	9584.3
0.129815	9584.57	0.229233	-2.86404	9584.57
0.130115	9584.84	0.194723	-2.81398	9584.84
0.130415	9585.1	0.160214	-2.76392	9585.1
0.130715	9585.37	0.125705	-2.71386	9585.37
0.131016	9585.64	0.091196	-2.66379	9585.64
0.131316	9585.91	0.0566869	-2.61373	9585.91
0.131616	9586.18	0.0221779	-2.56367	9586.18
0.131916	9586.45	-0.0123315	-2.51361	9586.45
0.132216	9586.71	-0.046841	-2.46355	9586.71
0.132516	9586.98	-0.0813499	-2.41349	9586.98
0.132816	9587.25	-0.115859	-2.36343	9587.25
0.133117	9587.52	-0.150368	-2.31337	9587.52
0.133417	9587.79	-0.184878	-2.2633	9587.79
0.133717	9588.06	-0.219387	-2.21324	9588.06
0.134017	9588.32	-0.253896	-2.16318	9588.32
0.134317	9588.59	-0.288405	-2.11312	9588.59
0.134617	9588.86	-0.322915	-2.06306	9588.86
0.134917	9589.13	-0.357424	-2.013	9589.13
0.135218	9589.4	-0.391933	-1.96294	9589.4
0.135518	9589.67	-0.426442	-1.91288	9589.67
0.135818	9589.93	-0.460951	-1.86281	9589.93
0.136118	9590.2	-0.495461	-1.81275	9590.2
0.136418	9590.18	0.265241	-1.6512	9590.18
0.136718	9590.37	0.238796	-1.62005	9590.37
0.137019	9590.57	0.212351	-1.58891	9590.57
0.137319	9590.76	0.185906	-1.55777	9590.76
0.137619	9590.95	0.159462	-1.52663	9590.95
0.137919	9591.15	0.133017	-1.49548	9591.15
0.138219	9591.34	0.106572	-1.46434	9591.34
0.138519	9591.53	0.080127	-1.4332	9591.53
0.138819	9591.73	0.0536819	-1.40206	9591.73
0.13912	9591.92	0.0272373	-1.37091	9591.92
0.13942	9592.11	0.000792507	-1.33977	9592.11
0.13972	9592.31	-0.0256526	-1.30863	9592.31
0.14002	9592.56	-0.0892114	-1.2341	9592.56
0.14032	9592.67	-0.0911323	-1.2178	9592.67
0.14062	9592.78	-0.0930535	-1.20149	9592.78
0.14092	9592.89	-0.0949741	-1.18519	9592.89
0.141221	9593	-0.0968952	-1.16888	9593
0.141521	9593.11	-0.0988164	-1.15258	9593.11
0.141821	9593.22	-0.100737	-1.13628	9593.22
0.142121	9593.34	-0.102658	-1.11997	9593.34
0.142421	9593.45	-0.104579	-1.10367	9593.45
0.142721	9593.56	-0.1065	-1.08736	9593.56
0.143022	9593.67	-0.108421	-1.07106	9593.67
0.143322	9593.78	-0.110342	-1.05476	9593.78
0.143622	9593.89	-0.112263	-1.03845	9593.89
0.143922	9594	-0.114184	-1.02215	9594
0.144222	9594.11	-0.116105	-1.00584	9594.11
0.144522	9594.22	-0.118026	-0.989541	9594.22
0.144822	9594.33	-0.119947	-0.973237	9594.33
0.145123	9594.45	-0.121868	-0.956933	9594.45
0.145423	9594.56	-0.123789	-0.940629	9594.56
0.145723	9594.67	-0.12571	-0.924325	9594.67
0.146023	9594.78	-0.127631	-0.908021	9594.78
0.146323	9594.89	-0.129552	-0.891717	9594.89
0.146623	9595	-0.131473	-0.875413	9595
0.146923	9595.11	-0.133394	-0.859109	9595.11
0.147224	9595.06	0.0913359	-0.74375	9595.06
0.147524	9595.15	0.0756144	-0.735196	9595.15
0.147824	9595.23	0.0598931	-0.726641	9595.23
0.148124	9595.32	0.044172	-0.718087	9595.32
0.148424	9595.41	0.0284505	-0.709532	9595.41
0.148724	9595.49	0.0127292	-0.700978	9595.49
0.149025	9595.58	-0.00299233	-0.692423	9595.58
0.149325	9595.67	-0.0187138	-0.683869	9595.67
0.149625	9595.94	0.0693277	-0.540504	9595.94
0.149925	9595.99	0.0670374	-0.532234	9595.99
0.150225	9596.04	0.0647477	-0.523963	9596.04
0.150525	9596.09	0.0624576	-0.515693	9596.09
0.150825	9596.15	0.0601679	-0.507423	9596.15
0.151126	9596.2	0.0578778	-0.499153	9596.2
0.151426	9596.25	0.0555879	-0.490883	9596.25
0.151726	9596.3	0.0532979	-0.482613	9596.3
0.152026	9596.36	0.051008	-0.474343	9596.36
0.152326	9596.41	0.048718	-0.466073	9596.41
0.152626	9596.46	0.0464281	-0.457803	9596.46
0.152926	9596.51	0.0441381	-0.449533	9596.51
0.153227	9596.57	0.0418483	-0.441262	9596.57
0.153527	9596.62	0.0395582	-0.432992	9596.62
0.153827	9596.67	0.0372682	-0.424722	9596.67
0.154127	9596.72	0.0349784	-0.416452	9596.72
0.154427	9596.78	0.0326883	-0.408182	9596.78
0.154727	9596.83	0.0303987	-0.399912	9596.83
0.155028	9596.88	0.0281086	-0.391642	9596.88
0.155328	9596.93	0.0258187	-0.383372	9596.93
0.155628	9596.99	0.0235286	-0.375101	9596.99
0.155928	9597.04	0.0212388	-0.366832	9597.04
0.156228	9597.07	0.0118681	-0.352626	9597.07
0.156528	9597.11	0.00851976	-0.346358	9597.11
0.156828	9597.15	0.00517232	-0.34009	9597.15
0.157129	9597.18	0.0018246	-0.333822	9597.18
0.157429	9597.22	-0.00152338	-0.327554	9597.22
0.157729	9597.26	-0.00487099	-0.321286	9597.26
0.158029	9597.3	-0.00821886	-0.315018	9597.3
0.158329	9597.33	-0.0115666	-0.30875	9597.33
0.158629	9597.37	-0.0149141	-0.302482	9597.37
0.158929	9597.41	-0.0182619	-0.296213	9597.41
0.15923	9597.45	-0.0216099	-0.289945	9597.45
0.15953	9597.48	-0.0249575	-0.283677	9597.48
0.15983	9597.52	-0.0283053	-0.277409	9597.52
0.16013	9597.56	-0.0316532	-0.271141	9597.56
0.16043	9597.59	-0.0306581	-0.269041	9597.59
0.16073	9597.61	-0.031235	-0.264725	9597.61
0.161031	9597.63	-0.0318123	-0.260409	9597.63
0.161331	9597.65	-0.0323894	-0.256094	9597.65
0.161631	9597.68	-0.0329664	-0.251777	9597.68
0.161931	9597.7	-0.0335435	-0.247462	9597.7
0.162231	9597.72	-0.0341206	-0.243146	9597.72
0.162531	9597.74	-0.0346979	-0.23883	9597.74
0.162831	9597.77	-0.0352749	-0.234514	9597.77
0.163132	9597.79	-0.0358521	-0.230198	9597.79
0.163432	9597.81	-0.0364292	-0.225882	9597.81
0.163732	9597.83	-0.0370064	-0.221566	9597.83
0.164032	9597.86	-0.0375835	-0.21725	9597.86
0.164332	9597.88	-0.0381605	-0.212934	9597.88
0.164632	9597.9	-0.0387378	-0.208618	9597.9
0.164932	9597.92	-0.039315	-0.204302	9597.92
0.165233	9597.95	-0.0398921	-0.199986	9597.95
0.165533	9597.97	-0.0404692	-0.19567	9597.97
0.165833	9597.99	-0.0410463	-0.191354	9597.99
0.166133	9598.01	-0.0416234	-0.187038	9598.01
0.166433	9598.04	-0.0422007	-0.182723	9598.04
0.166733	9598.06	-0.0427778	-0.178407	9598.06
0.167034	9598.05	0.0176177	-0.154648	9598.05
0.167334	9598.07	0.0153985	-0.152681	9598.07
0.167634	9598.09	0.0131791	-0.150714	9598.09
0.167934	9598.1	0.0109597	-0.148747	9598.1
0.168234	9598.12	0.00874031	-0.14678	9598.12
0.168534	9598.14	0.00652119	-0.144813	9598.14
0.168834	9598.16	0.004302	-0.142846	9598.16
0.169135	9598.17	0.00208262	-0.140879	9598.17
0.169435	9598.19	-0.0001371	-0.138912	9598.19
0.169735	9598.23	-0.0145755	-0.116129	9598.23
0.170035	9598.24	-0.0146242	-0.114654	9598.24
0.170335	9598.25	-0.0146728	-0.113179	9598.25
0.170635	9598.26	-0.0147214	-0.111704	9598.26
0.170935	9598.27	-0.0147702	-0.110229	9598.27
0.171236	9598.28	-0.0148184	-0.108753	9598.28
0.171536	9598.29	-0.0148671	-0.107278	9598.29
0.171836	9598.3	-0.0149158	-0.105803	9598.3
0.172136	9598.32	-0.0149645	-0.104328	9598.32
0.172436	9598.33	-0.0150131	-0.102853	9598.33
0.172736	9598.34	-0.0150619	-0.101378	9598.34
0.173037	9598.35	-0.01511	-0.099903	9598.35
0.173337	9598.36	-0.0151589	-0.098428	9598.36
0.173637	9598.37	-0.0152073	-0.096953	9598.37
0.173937	9598.38	-0.015256	-0.0954779	9598.38
0.174237	9598.39	-0.0153046	-0.0940027	9598.39
0.174537	9598.4	-0.0153529	-0.0925279	9598.4
0.174837	9598.41	-0.0154015	-0.0910527	9598.41
0.175138	9598.42	-0.0154501	-0.0895777	9598.42
0.175438	9598.43	-0.0154988	-0.0881027	9598.43
0.175738	9598.44	-0.0155472	-0.0866275	9598.44
0.176038	9598.46	-0.0155962	-0.0851525	9598.46
0.176338	9598.47	-0.0156446	-0.0836774	9598.47
0.176638	9598.46	0.00880769	-0.0696747	9598.46
0.176938	9598.47	0.00752273	-0.0688035	9598.47
0.177239	9598.47	0.00623701	-0.0679326	9598.47
0.177539	9598.48	0.00495176	-0.0670615	9598.48
0.177839	9598.49	0.00366641	-0.0661905	9598.49
0.178139	9598.5	0.00238107	-0.0653195	9598.5
0.178439	9598.5	0.00109571	-0.0644484	9598.5
0.178739	9598.51	-0.000189632	-0.0635776	9598.51
0.17904	9598.52	-0.00147497	-0.0627064	9598.52
0.17934	9598.53	-0.00276041	-0.0618355	9598.53
0.17964	9598.53	-0.00404575	-0.0609644	9598.53
0.17994	9598.54	-0.00533108	-0.0600934	9598.54
0.18024	9598.56	0.0107315	-0.0510596	9598.56
0.18054	9598.57	0.0101729	-0.0502199	9598.57
0.18084	9598.57	0.00961446	-0.0493803	9598.57
0.181141	9598.58	0.0090559	-0.0485405	9598.58
0.181441	9598.58	0.00849732	-0.0477008	9598.58
0.181741	9598.58	0.00793906	-0.0468611	9598.58
0.182041	9598.59	0.00738041	-0.0460213	9598.59
0.182341	9598.59	0.00682187	-0.0451816	9598.59
0.182641	9598.6	0.0062635	-0.0443419	9598.6
0.182941	9598.6	0.0057051	-0.0435023	9598.6
0.183242	9598.61	0.00514638	-0.0426625	9598.61
0.183542	9598.61	0.00458811	-0.0418227	9598.61
0.183842	9598.61	0.00402955	-0.0409831	9598.61
0.184142	9598.62	0.0034708	-0.0401433	9598.62
0.184442	9598.62	0.00291246	-0.0393036	9598.62
0.184742	9598.63	0.00235396	-0.038464	9598.63
0.185043	9598.63	0.00179547	-0.0376244	9598.63
0.185343	9598.64	0.00123712	-0.0367844	9598.64
0.185643	9598.64	0.000678613	-0.0359447	9598.64
0.185943	9598.64	0.000119984	-0.0351051	9598.64
0.186243	9598.65	-0.000438358	-0.0342654	9598.65
0.186543	9598.65	-0.000996862	-0.0334257	9598.65
0.186843	9598.66	-0.00155534	-0.0325859	9598.66
0.187144	9598.66	-0.00211398	-0.0317463	9598.66
0.187444	9598.67	-0.00267235	-0.0309064	9598.67
0.187744	9598.67	0.00103408	-0.026419	9598.67
0.188044	9598.67	0.000543025	-0.0258542	9598.67
0.188344	9598.67	5.19856e-05	-0.025289	9598.67
0.188644	9598.68	-0.000438995	-0.0247249	9598.68
0.188944	9598.68	-0.00135435	-0.0234599	9598.68
0.189245	9598.68	-0.00150724	-0.0232818	9598.68
0.189545	9598.69	-0.00166034	-0.0231037	9598.69
0.189845	9598.69	-0.00181352	-0.0229256	9598.69
0.190145	9598.69	-0.00196755	-0.0227476	9598.69
0.190445	9598.69	-0.00212037	-0.0225694	9598.69
0.190745	9598.69	-0.0022735	-0.0223913	9598.69
0.191046	9598.7	-0.00242666	-0.0222132	9598.7
0.191346	9598.7	-0.00258055	-0.0220351	9598.7
0.191646	9598.7	-0.00273321	-0.0218571	9598.7
0.191946	9598.7	-0.00288695	-0.0216789	9598.7
0.192246	9598.71	-0.00304021	-0.0215007	9598.71
0.192546	9598.71	-0.00319366	-0.0213226	9598.71
0.192846	9598.71	-0.00334686	-0.0211446	9598.71
0.193147	9598.71	-0.00350002	-0.0209664	9598.71
0.193447	9598.72	-0.00365362	-0.0207884	9598.72
0.193747	9598.72	-0.00380695	-0.0206103	9598.72
0.194047	9598.72	-0.00396008	-0.0204322	9598.72
0.194347	9598.72	-0.00411358	-0.020254	9598.72
0.194647	9598.73	-0.00426686	-0.020076	9598.73
0.194947	9598.73	-0.00441999	-0.0198978	9598.73
0.195248	9598.73	-0.00457361	-0.0197198	9598.73
0.195548	9598.73	-0.00472702	-0.0195416	9598.73
0.195848	9598.73	-0.00488024	-0.0193636	9598.73
0.196148	9598.74	-0.00503351	-0.0191853	9598.74
0.196448	9598.74	-0.00518675	-0.0190073	9598.74
0.196748	9598.74	-0.00534025	-0.0188293	9598.74
0.197049	9598.74	0.00119143	-0.0145688	9598.74
0.197349	9598.74	0.000996255	-0.0143668	9598.74
0.197649	9598.74	0.000801092	-0.0141645	9598.74
0.197949	9598.74	0.000605787	-0.0139624	9598.74
0.198249	9598.75	0.000410928	-0.0137605	9598.75
0.198549	9598.75	0.000215503	-0.0135583	9598.75
0.198849	9598.75	2.03409e-05	-0.0133562	9598.75
0.19915	9598.75	-0.000174978	-0.0131542	9598.75
0.19945	9598.75	-0.000370123	-0.0129518	9598.75
0.19975	9598.76	-0.0016527	-0.0109942	9598.76
0.20005	9598.76	-0.00165547	-0.0108655	9598.76
0.20035	9598.76	-0.00165832	-0.0107369	9598.76
0.20065	9598.76	-0.00166116	-0.010608	9598.76
0.20095	9598.76	-0.00166395	-0.0104792	9598.76
0.201251	9598.76	-0.00166655	-0.0103505	9598.76
0.201551	9598.76	-0.00166936	-0.0102219	9598.76
0.201851	9598.76	-0.00167196	-0.0100931	9598.76
0.202151	9598.76	-0.00167456	-0.00996432	9598.76
0.202451	9598.76	-0.0016772	-0.00983569	9598.76
0.202751	9598.76	-0.00168025	-0.00970715	9598.76
0.203052	9598.77	-0.00168256	-0.00957819	9598.77
0.203352	9598.77	-0.00168578	-0.00944935	9598.77
0.203652	9598.77	-0.00168843	-0.00932071	9598.77
0.203952	9598.77	-0.0016908	-0.00919205	9598.77
0.204252	9598.77	-0.00169345	-0.00906323	9598.77
0.204552	9598.77	-0.00169634	-0.00893475	9598.77
0.204852	9598.77	-0.00169906	-0.00880576	9598.77
0.205153	9598.77	-0.00170193	-0.00867719	9598.77
0.205453	9598.77	-0.0017045	-0.00854821	9598.77
0.205753	9598.77	-0.0017069	-0.0084195	9598.77
0.206053	9598.77	-0.00170993	-0.00829068	9598.77
0.206353	9598.78	-0.00171268	-0.008162	9598.78
0.206653	9598.78	-0.00171541	-0.00803329	9598.78
0.206953	9598.78	-0.0017181	-0.00790454	9598.78
0.207254	9598.78	0.000689015	-0.00620424	9598.78
0.207554	9598.78	0.00054934	-0.00612611	9598.78
0.207854	9598.78	0.000409808	-0.00604798	9598.78
0.208154	9598.78	0.000269884	-0.00596996	9598.78
0.208454	9598.78	0.000130111	-0.00589178	9598.78
0.208754	9598.78	-9.76055e-06	-0.00581375	9598.78
0.209055	9598.78	-0.000149667	-0.00573561	9598.78
0.209355	9598.78	0.00020046	-0.00471349	9598.78
0.209655	9598.78	0.000204144	-0.00465582	9598.78
0.209955	9598.78	0.000208207	-0.00459819	9598.78
0.210255	9598.78	0.000212097	-0.00454045	9598.78
0.210555	9598.78	0.000215822	-0.00448292	9598.78
0.210855	9598.78	0.00021948	-0.0044254	9598.78
0.211156	9598.79	0.000223195	-0.00436778	9598.79
0.211456	9598.79	0.000227074	-0.00431009	9598.79
0.211756	9598.79	0.00023109	-0.00425248	9598.79
0.212056	9598.79	0.000235182	-0.00419486	9598.79
0.212356	9598.79	0.000238739	-0.00413724	9598.79
0.212656	9598.79	0.000242648	-0.00407964	9598.79
0.212956	9598.79	0.000246427	-0.00402188	9598.79
0.213257	9598.79	0.000250276	-0.00396432	9598.79
0.213557	9598.79	0.000254184	-0.00390664	9598.79
0.213857	9598.79	0.000257998	-0.00384918	9598.79
0.214157	9598.79	0.000261792	-0.00379148	9598.79
0.214457	9598.79	0.000265827	-0.0037339	9598.79
0.214757	9598.79	0.000269521	-0.00367617	9598.79
0.215058	9598.79	0.000273421	-0.00361868	9598.79
0.215358	9598.79	0.000276825	-0.00356114	9598.79
0.215658	9598.79	0.00028082	-0.00350358	9598.79
0.215958	9598.79	0.000284523	-0.00344587	9598.79
0.216258	9598.79	0.000288655	-0.00338826	9598.79
0.216558	9598.79	-9.26643e-05	-0.00285543	9598.79
0.216858	9598.79	-0.000128131	-0.00281339	9598.79
0.217159	9598.79	-0.000163791	-0.00277137	9598.79
0.217459	9598.79	-0.000199161	-0.00272945	9598.79
0.217759	9598.79	-0.000234577	-0.0026872	9598.79
0.218059	9598.79	-0.000269917	-0.00264512	9598.79
0.218359	9598.79	-0.000305341	-0.00260324	9598.79
0.218659	9598.8	-0.000340951	-0.00256124	9598.8
0.218959	9598.8	-0.000376347	-0.00251898	9598.8
0.21926	9598.8	-0.00041181	-0.00247694	9598.8
0.21956	9598.8	-0.000447599	-0.00243491	9598.8
0.21986	9598.8	-0.000482536	-0.00239294	9598.8
0.22016	9598.8	0.000292881	-0.00210846	9598.8
0.22046	9598.8	0.00027995	-0.00208186	9598.8
0.22076	9598.8	0.000267123	-0.00205524	9598.8
0.221061	9598.8	0.000254353	-0.00202868	9598.8
0.221361	9598.8	0.000241235	-0.00200196	9598.8
0.221661	9598.8	0.000228607	-0.00197544	9598.8
0.221961	9598.8	0.000215209	-0.00194889	9598.8
0.222261	9598.8	0.0002026	-0.0019223	9598.8
0.222561	9598.8	0.000189313	-0.00189563	9598.8
0.222861	9598.8	0.000176716	-0.00186905	9598.8
0.223162	9598.8	0.000163521	-0.00184266	9598.8
0.223462	9598.8	0.000150605	-0.0018159	9598.8
0.223762	9598.8	0.000137763	-0.00178967	9598.8
0.224062	9598.8	0.000125184	-0.0017628	9598.8
0.224362	9598.8	0.000111795	-0.0017364	9598.8
0.224662	9598.8	9.88472e-05	-0.00170971	9598.8
0.224962	9598.8	8.61206e-05	-0.00168306	9598.8
0.225263	9598.8	7.30029e-05	-0.00165638	9598.8
0.225563	9598.8	5.98841e-05	-0.00162976	9598.8
0.225863	9598.8	4.7346e-05	-0.0016032	9598.8
0.226163	9598.8	3.43959e-05	-0.00157661	9598.8
0.226463	9598.8	2.14561e-05	-0.00154993	9598.8
0.226763	9598.8	9.07661e-06	-0.00152335	9598.8
0.227064	9598.8	-4.39001e-06	-0.00149676	9598.8
0.227364	9598.8	-1.7515e-05	-0.00147055	9598.8
0.227664	9598.8	-0.000116546	-0.00126692	9598.8
0.227964	9598.8	-0.000131709	-0.00124741	9598.8
0.228264	9598.8	-0.000146826	-0.0012281	9598.8
0.228564	9598.8	-0.000162183	-0.00120858	9598.8
0.228864	9598.8	0.000144542	-0.000998365	9598.8
0.229165	9598.8	0.000136388	-0.000988774	9598.8
0.229465	9598.8	0.000128253	-0.000979239	9598.8
0.229765	9598.8	0.000120062	-0.000969724	9598.8
0.230065	9598.8	0.000111692	-0.000960186	9598.8
0.230365	9598.8	0.000103655	-0.000950714	9598.8
0.230665	9598.8	9.55363e-05	-0.00094129	9598.8
0.230965	9598.8	8.72277e-05	-0.000931863	9598.8
0.231266	9598.8	7.88324e-05	-0.000922263	9598.8
0.231566	9598.8	7.09277e-05	-0.000912737	9598.8
0.231866	9598.8	6.2473e-05	-0.000903328	9598.8
0.232166	9598.8	5.44939e-05	-0.00089379	9598.8
0.232466	9598.8	4.62201e-05	-0.000884217	9598.8
0.232766	9598.8	3.79461e-05	-0.000874914	9598.8
0.233067	9598.8	2.98606e-05	-0.000865217	9598.8
0.233367	9598.8	2.15432e-05	-0.00085579	9598.8
0.233667	9598.8	1.34779e-05	-0.000846432	9598.8
0.233967	9598.8	5.13275e-06	-0.000836792	9598.8
0.234267	9598.8	-3.3994e-06	-0.000827076	9598.8
0.234567	9598.8	-1.13451e-05	-0.000817789	9598.8
0.234867	9598.8	-1.95374e-05	-0.000808144	9598.8
0.235168	9598.8	-2.77508e-05	-0.000798789	9598.8
0.235468	9598.8	-3.58447e-05	-0.000789347	9598.8
0.235768	9598.8	-4.41457e-05	-0.000779792	9598.8
0.236068	9598.8	-5.23571e-05	-0.000770142	9598.8
0.236368	9598.8	-6.05413e-05	-0.00076086	9598.8
0.236668	9598.8	-6.87443e-05	-0.000751227	9598.8
0.236968	9598.8	5.91052e-05	-0.000619008	9598.8
0.237269	9598.8	5.23263e-05	-0.000609792	9598.8
0.237569	9598.8	4.54719e-05	-0.00060044	9598.8
0.237869	9598.8	3.87514e-05	-0.000590871	9598.8
0.238169	9598.81	3.19304e-05	-0.000581309	9598.81
0.238469	9598.81	2.48081e-05	-0.000572428	9598.81
0.238769	9598.81	1.80236e-05	-0.000563021	9598.81
0.23907	9598.81	1.11983e-05	-0.000553636	9598.81
0.23937	9598.81	4.68973e-06	-0.000544217	9598.81
0.23967	9598.81	-3.61418e-05	-0.000485051	9598.81
0.23997	9598.81	-3.65267e-05	-0.000480307	9598.81
0.24027	9598.81	-3.63086e-05	-0.000475356	9598.81
0.24057	9598.81	-3.62806e-05	-0.000470723	9598.81
0.24087	9598.81	-3.58237e-05	-0.000465821	9598.81
0.241171	9598.81	-3.51614e-05	-0.000460939	9598.81
0.241471	9598.81	-3.51416e-05	-0.000456325	9598.81
0.241771	9598.81	-3.51845e-05	-0.000451277	9598.81
0.242071	9598.81	-3.49145e-05	-0.000446324	9598.81
0.242371	9598.81	-3.46446e-05	-0.000441578	9598.81
0.242671	9598.81	-3.4106e-05	-0.000436868	9598.81
0.242971	9598.81	-3.39169e-05	-0.000431709	9598.81
0.243272	9598.81	-3.35294e-05	-0.000427507	9598.81
0.243572	9598.81	-3.32241e-05	-0.000422235	9598.81
0.243872	9598.81	-3.29733e-05	-0.000417545	9598.81
0.244172	9598.81	-3.26176e-05	-0.000412617	9598.81
0.244472	9598.81	-3.28351e-05	-0.000407513	9598.81
0.244772	9598.81	-3.25138e-05	-0.000402643	9598.81
0.245073	9598.81	-3.21998e-05	-0.000397914	9598.81
0.245373	9598.81	-3.22291e-05	-0.000393412	9598.81
0.245673	9598.81	-3.14218e-05	-0.000388573	9598.81
0.245973	9598.81	-3.12494e-05	-0.000383355	9598.81
0.246273	9598.81	-3.14897e-05	-0.000378654	9598.81
0.246573	9598.81	-3.13872e-05	-0.000373804	9598.81
0.246873	9598.81	-3.11909e-05	-0.000369012	9598.81
0.247174	9598.81	2.9406e-05	-0.00032105	9598.81
0.247474	9598.81	2.57118e-05	-0.000317545	9598.81
0.247774	9598.81	2.16832e-05	-0.000313849	9598.81
0.248074	9598.81	1.79024e-05	-0.000309929	9598.81
0.248374	9598.81	1.42694e-05	-0.000306247	9598.81
0.248674	9598.81	1.04353e-05	-0.000302301	9598.81
0.248974	9598.81	5.89812e-06	-0.000298804	9598.81
0.249275	9598.81	-1.73623e-05	-0.000252768	9598.81
0.249575	9598.81	-1.77911e-05	-0.000249947	9598.81
0.249875	9598.81	-1.78789e-05	-0.000247093	9598.81
0.250175	9598.81	-1.82372e-05	-0.000244365	9598.81
0.250475	9598.81	-1.84559e-05	-0.000241443	9598.81
0.250775	9598.81	-1.90017e-05	-0.000238609	9598.81
0.251076	9598.81	-1.87836e-05	-0.000235777	9598.81
0.251376	9598.81	-1.93803e-05	-0.000232947	9598.81
0.251676	9598.81	-1.96823e-05	-0.000230023	9598.81
0.251976	9598.81	-2.00233e-05	-0.000227206	9598.81
0.252276	9598.81	-2.05069e-05	-0.000224268	9598.81
0.252576	9598.81	-2.08667e-05	-0.000221623	9598.81
0.252876	9598.81	-2.09817e-05	-0.000218695	9598.81
0.253177	9598.81	-2.1366e-05	-0.000216048	9598.81
0.253477	9598.81	-2.16612e-05	-0.00021308	9598.81
0.253777	9598.81	-2.18743e-05	-0.000210385	9598.81
0.254077	9598.81	-2.24474e-05	-0.000207415	9598.81
0.254377	9598.81	-2.23749e-05	-0.000204769	9598.81
0.254677	9598.81	-2.28988e-05	-0.000201891	9598.81
0.254977	9598.81	-2.319e-05	-0.000199076	9598.81
0.255278	9598.81	-2.32742e-05	-0.000196073	9598.81
0.255578	9598.81	-2.37858e-05	-0.000193192	9598.81
0.255878	9598.81	-2.40274e-05	-0.000190633	9598.81
0.256178	9598.81	-2.44285e-05	-0.000187581	9598.81
0.256478	9598.81	3.04769e-06	-0.000157252	9598.81
0.256778	9598.81	9.91737e-07	-0.000155609	9598.81
0.257079	9598.81	-7.3712e-07	-0.000153965	9598.81
0.257379	9598.81	-2.77881e-06	-0.000152259	9598.81
0.257679	9598.81	-4.44304e-06	-0.000150854	9598.81
0.257979	9598.81	-6.10215e-06	-0.000149257	9598.81
0.258279	9598.81	-8.54341e-06	-0.000147374	9598.81
0.258579	9598.81	-1.05909e-05	-0.000146076	9598.81
0.258879	9598.81	-1.18777e-05	-0.000144482	9598.81
0.25918	9598.81	-1.39323e-05	-0.000142919	9598.81
0.25948	9598.81	-1.4824e-05	-0.000141357	9598.81
0.25978	9598.81	-1.72703e-05	-0.000139676	9598.81
0.26008	9598.81	9.93532e-06	-0.000122401	9598.81
0.26038	9598.81	9.65623e-06	-0.000121129	9598.81
0.26068	9598.81	9.52185e-06	-0.00011949	9598.81
0.26098	9598.81	9.0023e-06	-0.000117895	9598.81
0.261281	9598.81	8.66005e-06	-0.000116372	9598.81
0.261581	9598.81	8.0472e-06	-0.000114934	9598.81
0.261881	9598.81	8.09327e-06	-0.000113271	9598.81
0.262181	9598.81	7.49962e-06	-0.000111801	9598.81
0.262481	9598.81	7.0104e-06	-0.000110283	9598.81
0.262781	9598.81	6.98089e-06	-0.000108942	9598.81
0.263082	9598.81	6.91343e-06	-0.000107339	9598.81
0.263382	9598.81	6.61761e-06	-0.000105893	9598.81
0.263682	9598.81	6.03215e-06	-0.000104492	9598.81
0.263982	9598.81	5.63417e-06	-0.000102911	9598.81
0.264282	9598.81	5.17642e-06	-0.000101429	9598.81
0.264582	9598.81	5.21439e-06	-9.98354e-05	9598.81
0.264882	9598.81	4.68739e-06	-9.84465e-05	9598.81
0.265183	9598.81	4.51238e-06	-9.6893e-05	9598.81
0.265483	9598.81	4.16483e-06	-9.53456e-05	9598.81
0.265783	9598.81	3.43566e-06	-9.36239e-05	9598.81
0.266083	9598.81	3.28417e-06	-9.23111e-05	9598.81
0.266383	9598.81	3.07214e-06	-9.08868e-05	9598.81
0.266683	9598.81	2.56841e-06	-8.91486e-05	9598.81
0.266983	9598.81	2.42645e-06	-8.76425e-05	9598.81
0.267284	9598.81	2.37023e-06	-8.65404e-05	9598.81
0.267584	9598.81	-1.52267e-06	-7.3315e-05	9598.81
0.267884	9598.81	-2.0299e-06	-7.2145e-05	9598.81
0.268184	9598.81	-2.89768e-06	-7.12756e-05	9598.81
0.268484	9598.81	-3.92728e-06	-7.01193e-05	9598.81
0.268784	9598.81	-4.57466e-06	-6.90733e-05	9598.81
0.269085	9598.81	1.21101e-05	-5.98765e-05	9598.81
0.269385	9598.81	1.13417e-05	-5.92734e-05	9598.81
0.269685	9598.81	1.07649e-05	-5.8786e-05	9598.81
0.269985	9598.81	1.06077e-05	-5.83105e-05	9598.81
0.270285	9598.81	9.61887e-06	-5.76791e-05	9598.81
0.270585	9598.81	9.42852e-06	-5.73649e-05	9598.81
0.270885	9598.81	8.97029e-06	-5.68081e-05	9598.81
0.271186	9598.81	8.58041e-06	-5.63795e-05	9598.81
0.271486	9598.81	7.96947e-06	-5.58619e-05	9598.81
0.271786	9598.81	7.45166e-06	-5.52878e-05	9598.81
0.272086	9598.81	7.03444e-06	-5.48126e-05	9598.81
0.272386	9598.81	6.57811e-06	-5.43692e-05	9598.81
0.272686	9598.81	6.00505e-06	-5.40398e-05	9598.81
0.272986	9598.81	5.60609e-06	-5.34027e-05	9598.81
0.273287	9598.81	5.10839e-06	-5.28295e-05	9598.81
0.273587	9598.81	4.49506e-06	-5.24787e-05	9598.81
0.273887	9598.81	4.03131e-06	-5.18634e-05	9598.81
0.274187	9598.81	3.4046e-06	-5.14285e-05	9598.81
0.274487	9598.81	2.81973e-06	-5.09651e-05	9598.81
0.274787	9598.81	2.4676e-06	-5.04067e-05	9598.81
0.275088	9598.81	1.88702e-06	-4.99827e-05	9598.81
0.275388	9598.81	1.63447e-06	-4.93592e-05	9598.81
0.275688	9598.81	7.90293e-07	-4.89346e-05	9598.81
0.275988	9598.81	4.00912e-07	-4.83742e-05	9598.81
0.276288	9598.81	3.41555e-08	-4.80642e-05	9598.81
0.276588	9598.81	-4.76702e-07	-4.74256e-05	9598.81
0.276888	9598.81	1.44813e-06	-4.55652e-05	9598.81
0.277189	9598.81	1.72191e-06	-4.51495e-05	9598.81
0.277489	9598.81	1.48564e-06	-4.45849e-05	9598.81
0.277789	9598.81	9.92403e-07	-4.4336e-05	9598.81
0.278089	9598.81	7.11077e-07	-4.39158e-05	9598.81
0.278389	9598.81	5.77851e-07	-4.34942e-05	9598.81
0.278689	9598.81	1.75694e-07	-4.30457e-05	9598.81
0.278989	9598.81	6.95232e-08	-4.26383e-05	9598.81
0.27929	9598.81	-3.91054e-07	-4.22096e-05	9598.81
0.27959	9598.81	-1.02476e-06	-3.50957e-05	9598.81
0.27989	9598.81	-9.34865e-07	-3.4723e-05	9598.81
0.28019	9598.81	-8.09941e-07	-3.42526e-05	9598.81
0.28049	9598.81	-7.58645e-07	-3.40874e-05	9598.81
0.28079	9598.81	-1.04316e-06	-3.35208e-05	9598.81
0.281091	9598.81	-8.12058e-07	-3.31568e-05	9598.81
0.281391	9598.81	-9.60431e-07	-3.28939e-05	9598.81
0.281691	9598.81	-9.89003e-07	-3.24392e-05	9598.81
0.281991	9598.81	-1.03118e-06	-3.22441e-05	9598.81
0.282291	9598.81	-1.03539e-06	-3.19699e-05	9598.81
0.282591	9598.81	-9.88252e-07	-3.1315e-05	9598.81
0.282891	9598.81	-1.21261e-06	-3.104e-05	9598.81
0.283192	9598.81	-9.88614e-07	-3.06857e-05	9598.81
0.283492	9598.81	-1.27732e-06	-3.04404e-05	9598.81
0.283792	9598.81	-9.22763e-07	-2.99961e-05	9598.81
0.284092	9598.81	-6.86439e-07	-2.96772e-05	9598.81
0.284392	9598.81	-1.07374e-06	-2.92639e-05	9598.81
0.284692	9598.81	-1.13746e-06	-2.89444e-05	9598.81
0.284992	9598.81	-5.60991e-07	-2.86346e-05	9598.81
0.285293	9598.81	-1.35059e-06	-2.7963e-05	9598.81
0.285593	9598.81	-8.96121e-07	-2.77917e-05	9598.81
0.285893	9598.81	-1.26662e-06	-2.74776e-05	9598.81
0.286193	9598.81	-9.42972e-07	-2.68554e-05	9598.81
0.286493	9598.81	-3.31257e-07	-2.67648e-05	9598.81
0.286793	9598.81	-6.57885e-07	-2.61757e-05	9598.81
0.287094	9598.81	6.88641e-07	-2.39745e-05	9598.81
0.287394	9598.81	2.09286e-08	-2.37943e-05	9598.81
0.287694	9598.81	1.04977e-07	-2.38045e-05	9598.81
0.287994	9598.81	-5.77986e-07	-2.35996e-05	9598.81
0.288294	9598.81	-5.20098e-07	-2.34126e-05	9598.81
0.288594	9598.81	-6.3643e-07	-2.30431e-05	9598.81
0.288894	9598.81	-7.67012e-07	-2.28557e-05	9598.81
0.289195	9598.81	-5.28225e-07	-2.26529e-05	9598.81
0.289495	9598.81	-6.6175e-07	-1.9574e-05	9598.81
0.289795	9598.81	-1.19664e-06	-1.91842e-05	9598.81
0.290095	9598.81	-9.88312e-07	-1.93391e-05	9598.81
0.290395	9598.81	-7.40879e-07	-1.89052e-05	9598.81
0.290695	9598.81	-6.45556e-07	-1.86126e-05	9598.81
0.290995	9598.81	-1.00514e-06	-1.82921e-05	9598.81
0.291296	9598.81	-8.1947e-07	-1.81237e-05	9598.81
0.291596	9598.81	-7.28577e-07	-1.79452e-05	9598.81
0.291896	9598.81	-5.06615e-07	-1.77272e-05	9598.81
0.292196	9598.81	-1.06192e-06	-1.76215e-05	9598.81
0.292496	9598.81	-1.02242e-06	-1.73292e-05	9598.81
0.292796	9598.81	-9.20142e-07	-1.68838e-05	9598.81
0.293097	9598.81	-9.86925e-07	-1.69016e-05	9598.81
0.293397	9598.81	-1.01808e-06	-1.67363e-05	9598.81
0.293697	9598.81	-9.70392e-07	-1.6337e-05	9598.81
0.293997	9598.81	-6.37522e-07	-1.60775e-05	9598.81
0.294297	9598.81	-9.93333e-07	-1.58933e-05	9598.81
0.294597	9598.81	-1.03469e-06	-1.58669e-05	9598.81
0.294897	9598.81	-1.14245e-06	-1.54802e-05	9598.81
0.295198	9598.81	-1.15039e-06	-1.5241e-05	9598.81
0.295498	9598.81	-7.54732e-07	-1.50962e-05	9598.81
0.295798	9598.81	-1.2285e-06	-1.45945e-05	9598.81
0.296098	9598.81	-9.95514e-07	-1.45453e-05	9598.81
0.296398	9598.81	-4.37545e-07	-1.27978e-05	9598.81
0.296698	9598.81	-6.92652e-07	-1.25481e-05	9598.81
0.296998	9598.81	-1.58664e-06	-1.24432e-05	9598.81
0.297299	9598.81	-1.27776e-06	-1.24383e-05	9598.81
0.297599	9598.81	-1.16473e-06	-1.23656e-05	9598.81
0.297899	9598.81	-1.34991e-06	-1.23307e-05	9598.81
0.298199	9598.81	-1.25526e-06	-1.21777e-05	9598.81
0.298499	9598.81	-1.24392e-06	-1.19159e-05	9598.81
0.298799	9598.81	-1.44251e-06	-1.15906e-05	9598.81
0.2991	9598.81	-1.33428e-06	-1.14865e-05	9598.81
0.2994	9598.81	-1.3762e-06	-1.13353e-05	9598.81
0.2997	9598.81	-1.41348e-06	-1.13976e-05	9598.81
0.3	9598.81	-1.28927e-06	-1.1129e-05	9598.81
0.3003	9598.81	-1.51706e-06	-1.08987e-05	9598.81
