//1	2	1	1	0	0	0	0
//Energy[eV]	XS[cm2]
0	7.80999999999999e-18
0.001	7.8084921463039652e-18
0.002	7.8069979064319642e-18
0.0030000000000000001	7.8055172622079663e-18
0.0040000000000000001	7.804050195455966e-18
0.0050000000000000001	7.8025966879999671e-18
0.0060000000000000001	7.8011567216639673e-18
0.0070000000000000001	7.7997302782719518e-18
0.0080000000000000002	7.7983173396479737e-18
0.0089999999999999993	7.7969178876160445e-18
0.01	7.7955319040000463e-18
0.010999999999999999	7.7941593706240954e-18
0.012	7.7928002693121016e-18
0.012999999999999999	7.7914545818880779e-18
0.014	7.7901222901760328e-18
0.014999999999999999	7.7888033759999684e-18
0.016	7.7874978211839719e-18
0.017000000000000001	7.7862056075519837e-18
0.017999999999999999	7.7849267169279924e-18
0.019	7.7836611311360047e-18
0.02	7.7824088319999782e-18
0.021000000000000001	7.7811698013439784e-18
0.021999999999999999	7.7799440209919798e-18
0.023	7.7787314727679816e-18
0.024	7.777532138495986e-18
0.025000000000000001	7.7763459999999922e-18
0.025999999999999999	7.7751730391039977e-18
0.027	7.7740132376320019e-18
0.028000000000000001	7.7728665774080085e-18
0.029000000000000001	7.7717330402560135e-18
0.029999999999999999	7.7706126079999823e-18
0.031	7.7695052624639864e-18
0.032000000000000001	7.7684109854719927e-18
0.033000000000000002	7.7673297588479972e-18
0.034000000000000002	7.7662615644160022e-18
0.035000000000000003	7.7652063840000084e-18
0.035999999999999997	7.7641641994240135e-18
0.036999999999999998	7.7631349925120196e-18
0.037999999999999999	7.7621187450880229e-18
0.039	7.7611154389760273e-18
0.040000000000000001	7.7601250560000333e-18
0.041000000000000002	7.7591475779840309e-18
0.042000000000000003	7.7581829867520285e-18
0.042999999999999997	7.7572312641280269e-18
0.043999999999999997	7.7562923919360237e-18
0.044999999999999998	7.7553663520000196e-18
0.045999999999999999	7.7544531261440153e-18
0.047	7.7535526961920099e-18
0.048000000000000001	7.7526650439680089e-18
0.049000000000000002	7.7517901512960052e-18
0.050000000000000003	7.750928000000038e-18
0.050999999999999997	7.7500785719040373e-18
0.051999999999999998	7.7492418488320329e-18
0.052999999999999999	7.7484178126080318e-18
0.053999999999999999	7.7476064450560284e-18
0.055	7.7468077280000236e-18
0.056000000000000001	7.7460216432640196e-18
0.057000000000000002	7.7452481726720139e-18
0.058000000000000003	7.744487298048012e-18
0.058999999999999997	7.7437390012160099e-18
0.059999999999999998	7.7430032640000299e-18
0.060999999999999999	7.7422800682240296e-18
0.062	7.7415693957120298e-18
0.063	7.7408712282880279e-18
0.064000000000000001	7.7401855477760249e-18
0.065000000000000002	7.7395123360000244e-18
0.066000000000000003	7.7388515747840241e-18
0.067000000000000004	7.7382032459520216e-18
0.068000000000000005	7.7375673313280192e-18
0.069000000000000006	7.7369438127360192e-18
0.070000000000000007	7.7363326719999913e-18
0.070999999999999994	7.7357338909439965e-18
0.071999999999999995	7.7351474513920031e-18
0.072999999999999995	7.7345733351680072e-18
0.073999999999999996	7.7340115240960125e-18
0.074999999999999997	7.7334620000000229e-18
0.075999999999999998	7.7329247447040298e-18
0.076999999999999999	7.7323997400320355e-18
0.078	7.7318869678080423e-18
0.079000000000000001	7.7313864098560477e-18
0.080000000000000002	7.7308980479999956e-18
0.081000000000000003	7.7304218640640005e-18
0.082000000000000003	7.7299578398720047e-18
0.083000000000000004	7.7295059572480104e-18
0.084000000000000005	7.7290661980160168e-18
0.085000000000000006	7.7286385440000262e-18
0.085999999999999993	7.728222977024033e-18
0.086999999999999994	7.7278194789120381e-18
0.087999999999999995	7.7274280314880452e-18
0.088999999999999996	7.7270486165760519e-18
0.089999999999999997	7.7266812160000297e-18
0.090999999999999998	7.7263258115840316e-18
0.091999999999999998	7.7259823851520308e-18
0.092999999999999999	7.7256509185280308e-18
0.094	7.725331393536031e-18
0.095000000000000001	7.725023792000032e-18
0.096000000000000002	7.7247280957440315e-18
0.097000000000000003	7.7244442865920317e-18
0.098000000000000004	7.7241723463680333e-18
0.099000000000000005	7.7239122568960325e-18
0.10000000000000001	7.723664000000033e-18
0.10100000000000001	7.7234275575040339e-18
0.10199999999999999	7.723202911232033e-18
0.10299999999999999	7.722990043008034e-18
0.104	7.7227889346560345e-18
0.105	7.7225995680000337e-18
0.106	7.7224219248640339e-18
0.107	7.7222559870720343e-18
0.108	7.7221017364480355e-18
0.109	7.7219591548160352e-18
0.11	7.7218282240000356e-18
0.111	7.7217089258240359e-18
0.112	7.7216012421120369e-18
0.113	7.7215051546880361e-18
0.114	7.7214206453760373e-18
0.115	7.7213476960000352e-18
0.11600000000000001	7.7212862883840365e-18
0.11700000000000001	7.7212364043520374e-18
0.11799999999999999	7.7211980257280371e-18
0.11899999999999999	7.7211711343360361e-18
0.12	7.7211557120000385e-18
0.121	7.721151740544037e-18
0.122	7.7211592017920387e-18
0.123	7.7211780775680381e-18
0.124	7.7212083496960374e-18
0.125	7.7212500000000389e-18
0.126	7.7213030103040372e-18
0.127	7.721367362432039e-18
0.128	7.721443038208039e-18
0.129	7.7215300194560379e-18
0.13	7.7216282880000394e-18
0.13100000000000001	7.7217378256640382e-18
0.13200000000000001	7.7218586142720395e-18
0.13300000000000001	7.7219906356480395e-18
0.13400000000000001	7.7221338716160388e-18
0.13500000000000001	7.7222883040000397e-18
0.13600000000000001	7.7224539146240398e-18
0.13700000000000001	7.7226306853120399e-18
0.13800000000000001	7.7228185978880407e-18
0.13900000000000001	7.7230176341760398e-18
0.14000000000000001	7.7232277760000409e-18
0.14099999999999999	7.7234490051840418e-18
0.14199999999999999	7.7236813035520401e-18
0.14299999999999999	7.723924652928041e-18
0.14399999999999999	7.7241790351360407e-18
0.14499999999999999	7.7244444320000414e-18
0.14599999999999999	7.7247208253440408e-18
0.14699999999999999	7.7250081969920411e-18
0.14799999999999999	7.7253065287680415e-18
0.14899999999999999	7.7256158024960427e-18
0.14999999999999999	7.7259360000000023e-18
0.151	7.7262671031040057e-18
0.152	7.7266090936320028e-18
0.153	7.7269619534080051e-18
0.154	7.7273256642560056e-18
0.155	7.727700208000005e-18
0.156	7.7280855664640056e-18
0.157	7.7284817214720065e-18
0.158	7.7288886548480069e-18
0.159	7.7293063484160107e-18
0.16	7.7297347840000076e-18
0.161	7.7301739434240109e-18
0.16200000000000001	7.7306238085120119e-18
0.16300000000000001	7.7310843610880113e-18
0.16400000000000001	7.7315555829760145e-18
0.16500000000000001	7.7320374560000145e-18
0.16600000000000001	7.7325299619840167e-18
0.16700000000000001	7.7330330827520171e-18
0.16800000000000001	7.7335468001280164e-18
0.16900000000000001	7.73407109593602e-18
0.17000000000000001	7.7346059520000208e-18
0.17100000000000001	7.7351513501440212e-18
0.17199999999999999	7.7357072721920234e-18
0.17299999999999999	7.736273699968025e-18
0.17399999999999999	7.7368506152960252e-18
0.17499999999999999	7.7374380000000278e-18
0.17599999999999999	7.7380358359040273e-18
0.17699999999999999	7.7386441048320291e-18
0.17799999999999999	7.7392627886080323e-18
0.17899999999999999	7.7398918690560315e-18
0.17999999999999999	7.7405313280000336e-18
0.18099999999999999	7.7411811472640331e-18
0.182	7.7418413086720354e-18
0.183	7.7425117940480395e-18
0.184	7.7431925852160402e-18
0.185	7.7438836640000395e-18
0.186	7.744585012224043e-18
0.187	7.745296611712045e-18
0.188	7.7460184442880449e-18
0.189	7.7467504917760463e-18
0.19	7.7474927360000469e-18
0.191	7.7482451587840489e-18
0.192	7.7490077419520501e-18
0.193	7.7497804673280526e-18
0.19400000000000001	7.7505633167360557e-18
0.19500000000000001	7.7513562720000553e-18
0.19600000000000001	7.7521593149440569e-18
0.19700000000000001	7.7529724273920596e-18
0.19800000000000001	7.753795591168061e-18
0.19900000000000001	7.7546287880960604e-18
0.20000000000000001	7.7554720000000076e-18
0.20100000000000001	7.7563252087040065e-18
0.20200000000000001	7.7571883960320069e-18
0.20300000000000001	7.7580615438080082e-18
0.20399999999999999	7.7589446338560063e-18
0.20499999999999999	7.7598376480000066e-18
0.20599999999999999	7.7607405680640083e-18
0.20699999999999999	7.7616533758720075e-18
0.20799999999999999	7.7625760532480063e-18
0.20899999999999999	7.7635085820160056e-18
0.20999999999999999	7.764450944000006e-18
0.21099999999999999	7.7654031210240052e-18
0.21199999999999999	7.7663650949120069e-18
0.21299999999999999	7.7673368474880058e-18
0.214	7.7683183605760056e-18
0.215	7.7693096160000069e-18
0.216	7.770310595584006e-18
0.217	7.7713212811520051e-18
0.218	7.7723416545280064e-18
0.219	7.773371697536006e-18
0.22	7.7744113920000061e-18
0.221	7.775460719744006e-18
0.222	7.7765196625920063e-18
0.223	7.7775882023680062e-18
0.224	7.778666320896008e-18
0.22500000000000001	7.7797540000000047e-18
0.22600000000000001	7.7808512215040078e-18
0.22700000000000001	7.7819579672320072e-18
0.22800000000000001	7.7830742190080082e-18
0.22900000000000001	7.784199958656007e-18
0.23000000000000001	7.7853351680000103e-18
0.23100000000000001	7.7864798288640082e-18
0.23200000000000001	7.787633923072009e-18
0.23300000000000001	7.7887974324480089e-18
0.23400000000000001	7.7899703388160086e-18
0.23499999999999999	7.7911526240000087e-18
0.23599999999999999	7.7923442698240099e-18
0.23699999999999999	7.7935452581120085e-18
0.23799999999999999	7.7947555706880096e-18
0.23899999999999999	7.795975189376011e-18
0.23999999999999999	7.7972040960000118e-18
0.24099999999999999	7.7984422723840112e-18
0.24199999999999999	7.7996897003520114e-18
0.24299999999999999	7.8009463617280117e-18
0.24399999999999999	7.8022122383360111e-18
0.245	7.8034873120000119e-18
0.246	7.8047715645440133e-18
0.247	7.806064977792013e-18
0.248	7.8073675335680147e-18
0.249	7.8086792136960145e-18
0.25	7.8100000000000147e-18
0.251	7.811329874304016e-18
0.252	7.8126688184320175e-18
0.253	7.8140168142080169e-18
0.254	7.8153738434560165e-18
0.255	7.8167398880000184e-18
0.25600000000000001	7.8181149296640173e-18
0.25700000000000001	7.8194989502720185e-18
0.25800000000000001	7.8208919316480181e-18
0.25900000000000001	7.8222938556160198e-18
0.26000000000000001	7.8237047040000197e-18
0.26100000000000001	7.8251244586240218e-18
0.26200000000000001	7.8265531013120204e-18
0.26300000000000001	7.8279906138880225e-18
0.26400000000000001	7.8294369781760226e-18
0.26500000000000001	7.830892176000023e-18
0.26600000000000001	7.8323561891840244e-18
0.26700000000000002	7.8338289995520244e-18
0.26800000000000002	7.8353105889280238e-18
0.26900000000000002	7.8368009391360263e-18
0.27000000000000002	7.8383000320000249e-18
0.27100000000000002	7.839807849344025e-18
0.27200000000000002	7.8413243729920257e-18
0.27300000000000002	7.8428495847680278e-18
0.27400000000000002	7.8443834664960273e-18
0.27500000000000002	7.8459260000000281e-18
0.27600000000000002	7.8474771671040278e-18
0.27700000000000002	7.8490369496320286e-18
0.27800000000000002	7.8506053294080297e-18
0.27900000000000003	7.8521822882560302e-18
0.28000000000000003	7.8537678080000325e-18
0.28100000000000003	7.8553618704640326e-18
0.28199999999999997	7.8569644574720312e-18
0.28299999999999997	7.8585755508480353e-18
0.28399999999999997	7.8601951324160331e-18
0.28499999999999998	7.8618231840000331e-18
0.28599999999999998	7.8634596874240361e-18
0.28699999999999998	7.8651046245120349e-18
0.28799999999999998	7.8667579770880351e-18
0.28899999999999998	7.8684197269760372e-18
0.28999999999999998	7.8700898560000374e-18
0.29099999999999998	7.8717683459840379e-18
0.29199999999999998	7.8734551787520363e-18
0.29299999999999998	7.8751503361280396e-18
0.29399999999999998	7.8768537999360392e-18
0.29499999999999998	7.8785655520000389e-18
0.29599999999999999	7.8802855741440393e-18
0.29699999999999999	7.8820138481920413e-18
0.29799999999999999	7.8837503559680409e-18
0.29899999999999999	7.8854950792960435e-18
0.29999999999999999	7.8872480000000266e-18
0.30099999999999999	7.8890090999040263e-18
0.30199999999999999	7.8907783608320266e-18
0.30299999999999999	7.8925557646080249e-18
0.30399999999999999	7.8943412930560266e-18
0.30499999999999999	7.8961349280000263e-18
0.30599999999999999	7.8979366512640232e-18
0.307	7.8997464446720241e-18
0.308	7.901564290048022e-18
0.309	7.9033901692160222e-18
0.31	7.9052240640000225e-18
0.311	7.9070659562240219e-18
0.312	7.9089158277120213e-18
0.313	7.9107736602880212e-18
0.314	7.9126394357760224e-18
0.315	7.914513136000021e-18
0.316	7.9163947427840208e-18
0.317	7.918284237952021e-18
0.318	7.9201816033280207e-18
0.31900000000000001	7.9220868207360206e-18
0.32000000000000001	7.92399987200002e-18
0.32100000000000001	7.9259207389440195e-18
0.32200000000000001	7.9278494033920198e-18
0.32300000000000001	7.9297858471680187e-18
0.32400000000000001	7.9317300520960182e-18
0.32500000000000001	7.9336820000000177e-18
0.32600000000000001	7.9356416727040193e-18
0.32700000000000001	7.9376090520320176e-18
0.32800000000000001	7.9395841198080179e-18
0.32900000000000001	7.9415668578560164e-18
0.33000000000000002	7.9435572480000168e-18
0.33100000000000002	7.9455552720640168e-18
0.33200000000000002	7.947560911872017e-18
0.33300000000000002	7.9495741492480151e-18
0.33400000000000002	7.951594966016015e-18
0.33500000000000002	7.9536233440000141e-18
0.33600000000000002	7.9556592650240149e-18
0.33700000000000002	7.9577027109120133e-18
0.33800000000000002	7.9597536634880131e-18
0.33900000000000002	7.9618121045760121e-18
0.34000000000000002	7.9638780160000124e-18
0.34100000000000003	7.9659513795840132e-18
0.34200000000000003	7.9680321771520137e-18
0.34300000000000003	7.9701203905280116e-18
0.34399999999999997	7.9722160015360121e-18
0.34499999999999997	7.9743189920000129e-18
0.34599999999999997	7.9764293437440131e-18
0.34699999999999998	7.978547038592012e-18
0.34799999999999998	7.9806720583680118e-18
0.34899999999999998	7.9828043848960116e-18
0.34999999999999998	7.9849440000000122e-18
0.35099999999999998	7.9870908855040112e-18
0.35199999999999998	7.9892450232320109e-18
0.35299999999999998	7.9914063950080104e-18
0.35399999999999998	7.9935749826560104e-18
0.35499999999999998	7.9957507680000086e-18
0.35599999999999998	7.9979337328640072e-18
0.35699999999999998	8.0001238590720085e-18
0.35799999999999998	8.0023211284480086e-18
0.35899999999999999	8.0045255228160066e-18
0.35999999999999999	8.0067370240000064e-18
0.36099999999999999	8.0089556138240055e-18
0.36199999999999999	8.0111812741120078e-18
0.36299999999999999	8.0134139866880078e-18
0.36399999999999999	8.0156537333760078e-18
0.36499999999999999	8.0179004960000053e-18
0.36599999999999999	8.0201542563840043e-18
0.36699999999999999	8.0224149963520053e-18
0.36799999999999999	8.0246826977280046e-18
0.36899999999999999	8.0269573423360043e-18
0.37	8.0292389120000051e-18
0.371	8.0315273885440032e-18
0.372	8.0338227537920024e-18
0.373	8.0361249895680033e-18
0.374	8.0384340776960036e-18
0.375	8.0407500000000009e-18
0.376	8.0430727383040021e-18
0.377	8.0454022744320018e-18
0.378	8.0477385902080021e-18
0.379	8.0500816674560008e-18
0.38	8.0524314880000016e-18
0.38100000000000001	8.0547880336640007e-18
0.38200000000000001	8.0571512862720001e-18
0.38300000000000001	8.0595212276480008e-18
0.38400000000000001	8.0618978396159988e-18
0.38500000000000001	8.0642811039999978e-18
0.38600000000000001	8.0666710026239986e-18
0.38700000000000001	8.0690675173119972e-18
0.38800000000000001	8.0714706298879975e-18
0.38900000000000001	8.0738803221759987e-18
0.39000000000000001	8.0762965759999983e-18
0.39100000000000001	8.0787193731839971e-18
0.39200000000000002	8.0811486955519958e-18
0.39300000000000002	8.0835845249279951e-18
0.39400000000000002	8.0860268431359957e-18
0.39500000000000002	8.0884756319999953e-18
0.39600000000000002	8.0909308733439945e-18
0.39700000000000002	8.0933925489919941e-18
0.39800000000000002	8.0958606407679948e-18
0.39900000000000002	8.0983351304959957e-18
0.40000000000000002	8.1008160000000423e-18
0.40100000000000002	8.1033032311040398e-18
0.40200000000000002	8.1057968056320427e-18
0.40300000000000002	8.1082967054080379e-18
0.40400000000000003	8.1108029122560385e-18
0.40500000000000003	8.1133154080000375e-18
0.40600000000000003	8.1158341744640356e-18
0.40699999999999997	8.118359193472035e-18
0.40799999999999997	8.1208904468480349e-18
0.40899999999999997	8.1234279164160329e-18
0.40999999999999998	8.1259715840000329e-18
0.41099999999999998	8.1285214314240309e-18
0.41199999999999998	8.1310774405120292e-18
0.41299999999999998	8.1336395930880285e-18
0.41399999999999998	8.1362078709760264e-18
0.41499999999999998	8.1387822560000267e-18
0.41599999999999998	8.1413627299840256e-18
0.41699999999999998	8.1439492747520236e-18
0.41799999999999998	8.1465418721280247e-18
0.41899999999999998	8.1491405039360233e-18
0.41999999999999998	8.1517451520000202e-18
0.42099999999999999	8.1543557981440208e-18
0.42199999999999999	8.1569724241920179e-18
0.42299999999999999	8.1595950119680155e-18
0.42399999999999999	8.1622235432960142e-18
0.42499999999999999	8.1648580000000147e-18
0.42599999999999999	8.1674983639040147e-18
0.42699999999999999	8.1701446168320134e-18
0.42799999999999999	8.1727967406080098e-18
0.42899999999999999	8.1754547170560095e-18
0.42999999999999999	8.1781185280000083e-18
0.43099999999999999	8.1807881552640087e-18
0.432	8.1834635806720066e-18
0.433	8.186144786048006e-18
0.434	8.1888317532160043e-18
0.435	8.1915244640000024e-18
0.436	8.1942229002240024e-18
0.437	8.196927043711999e-18
0.438	8.1996368762879974e-18
0.439	8.2023523797759969e-18
0.44	8.205073535999995e-18
0.441	8.2078003267839956e-18
0.442	8.2105327339519932e-18
0.443	8.2132707393279916e-18
0.44400000000000001	8.2160143247359915e-18
0.44500000000000001	8.2187634719999906e-18
0.44600000000000001	8.2215181629439911e-18
0.44700000000000001	8.224278379391986e-18
0.44800000000000001	8.2270441031679852e-18
0.44900000000000001	8.2298153160959849e-18
0.45000000000000001	8.2325919999999827e-18
0.45100000000000001	8.2353741367039824e-18
0.45200000000000001	8.2381617080319816e-18
0.45300000000000001	8.2409546958079826e-18
0.45400000000000001	8.2437530818559799e-18
0.45500000000000002	8.2465568479999773e-18
0.45600000000000002	8.2493659760639786e-18
0.45700000000000002	8.2521804478719768e-18
0.45800000000000002	8.2550002452479742e-18
0.45900000000000002	8.257825350015973e-18
0.46000000000000002	8.2606557439999724e-18
0.46100000000000002	8.26349140902397e-18
0.46200000000000002	8.2663323269119712e-18
0.46300000000000002	8.269178479487969e-18
0.46400000000000002	8.2720298485759671e-18
0.46500000000000002	8.2748864159999663e-18
0.46600000000000003	8.2777481635839658e-18
0.46700000000000003	8.2806150731519647e-18
0.46800000000000003	8.2834871265279652e-18
0.46899999999999997	8.2863643055359635e-18
0.46999999999999997	8.2892465919999603e-18
0.47099999999999997	8.2921339677439594e-18
0.47199999999999998	8.2950264145919568e-18
0.47299999999999998	8.2979239143679564e-18
0.47399999999999998	8.3008264488959573e-18
0.47499999999999998	8.3037339999999556e-18
0.47599999999999998	8.3066465495039536e-18
0.47699999999999998	8.3095640792319551e-18
0.47799999999999998	8.3124865710079531e-18
0.47899999999999998	8.3154140066559543e-18
0.47999999999999998	8.318346367999952e-18
0.48099999999999998	8.3212836368639514e-18
0.48199999999999998	8.3242257950719485e-18
0.48299999999999998	8.3271728244479488e-18
0.48399999999999999	8.3301247068159467e-18
0.48499999999999999	8.3330814239999492e-18
0.48599999999999999	8.3360429578239477e-18
0.48699999999999999	8.339009290111946e-18
0.48799999999999999	8.3419804026879448e-18
0.48899999999999999	8.3449562773759464e-18
0.48999999999999999	8.3479368959999438e-18
0.49099999999999999	8.3509222403839438e-18
0.49199999999999999	8.3539122923519426e-18
0.49299999999999999	8.3569070337279408e-18
0.49399999999999999	8.3599064463359393e-18
0.495	8.3629105119999386e-18
0.496	8.365919212543941e-18
0.497	8.3689325297919397e-18
0.498	8.3719504455679382e-18
0.499	8.3749729416959374e-18
0.5	8.3779999999999473e-18
0.501	8.380747606847952e-18
0.502	8.3834997667839539e-18
0.503	8.3862564888959587e-18
0.504	8.3890177822719599e-18
0.505	8.3917836559999633e-18
0.50600000000000001	8.394554119167967e-18
0.50700000000000001	8.3973291808639691e-18
0.50800000000000001	8.4001088501759723e-18
0.50900000000000001	8.4028931361919748e-18
0.51000000000000001	8.4056820479999792e-18
0.51100000000000001	8.408475594687979e-18
0.51200000000000001	8.4112737853439847e-18
0.51300000000000001	8.4140766290559867e-18
0.51400000000000001	8.4168841349119908e-18
0.51500000000000001	8.4196963119999919e-18
0.51600000000000001	8.422513169407996e-18
0.51700000000000002	8.4253347162239995e-18
0.51800000000000002	8.4281609615360006e-18
0.51900000000000002	8.430991914432005e-18
0.52000000000000002	8.4338275840000079e-18
0.52100000000000002	8.4366679793280088e-18
0.52200000000000002	8.4395131095040104e-18
0.52300000000000002	8.4423629836160156e-18
0.52400000000000002	8.4452176107520192e-18
0.52500000000000002	8.448077000000021e-18
0.52600000000000002	8.4509411604480221e-18
0.52700000000000002	8.4538101011840238e-18
0.52800000000000002	8.4566838312960272e-18
0.52900000000000003	8.4595623598720303e-18
0.53000000000000003	8.4624456960000314e-18
0.53100000000000003	8.4653338487680347e-18
0.53200000000000003	8.4682268272640351e-18
0.53300000000000003	8.4711246405760371e-18
0.53400000000000003	8.4740272977920416e-18
0.53500000000000003	8.4769348080000439e-18
0.53600000000000003	8.4798471802880465e-18
0.53700000000000003	8.4827644237440477e-18
0.53800000000000003	8.48568654745605e-18
0.53900000000000003	8.4886135605120517e-18
0.54000000000000004	8.4915454720000539e-18
0.54100000000000004	8.4944822910080563e-18
0.54200000000000004	8.4974240266240569e-18
0.54300000000000004	8.50037068793606e-18
0.54400000000000004	8.5033222840320607e-18
0.54500000000000004	8.5062788240000616e-18
0.54600000000000004	8.5092403169280656e-18
0.54700000000000004	8.5122067719040645e-18
0.54800000000000004	8.5151781980160656e-18
0.54900000000000004	8.5181546043520672e-18
0.55000000000000004	8.5211360000000703e-18
0.55100000000000005	8.52412239404807e-18
0.55200000000000005	8.5271137955840721e-18
0.55300000000000005	8.5301102136960716e-18
0.55400000000000005	8.5331116574720698e-18
0.55500000000000005	8.5361181360000739e-18
0.55600000000000005	8.5391296583680727e-18
0.55700000000000005	8.5421462336640738e-18
0.55800000000000005	8.5451678709760751e-18
0.55900000000000005	8.5481945793920763e-18
0.56000000000000005	8.5512263680000016e-18
0.56100000000000005	8.5542632458880031e-18
0.56200000000000006	8.5573052221440018e-18
0.56299999999999994	8.5603523058560022e-18
0.56399999999999995	8.5634045061120022e-18
0.56499999999999995	8.5664618320000015e-18
0.56599999999999995	8.5695242926080013e-18
0.56699999999999995	8.5725918970240012e-18
0.56799999999999995	8.5756646543360025e-18
0.56899999999999995	8.5787425736320016e-18
0.56999999999999995	8.5818256640000029e-18
0.57099999999999995	8.5849139345280013e-18
0.57199999999999995	8.5880073943040027e-18
0.57299999999999995	8.5911060524160021e-18
0.57399999999999995	8.5942099179520007e-18
0.57499999999999996	8.5973190000000012e-18
0.57599999999999996	8.6004333076480017e-18
0.57699999999999996	8.6035528499840019e-18
0.57799999999999996	8.6066776360960029e-18
0.57899999999999996	8.6098076750720012e-18
0.57999999999999996	8.6129429760000013e-18
0.58099999999999996	8.6160835479680027e-18
0.58199999999999996	8.6192294000640003e-18
0.58299999999999996	8.6223805413760002e-18
0.58399999999999996	8.6255369809920018e-18
0.58499999999999996	8.6286987280000002e-18
0.58599999999999997	8.6318657914880012e-18
0.58699999999999997	8.6350381805440014e-18
0.58799999999999997	8.6382159042560019e-18
0.58899999999999997	8.6413989717120009e-18
0.58999999999999997	8.6445873920000026e-18
0.59099999999999997	8.6477811742080005e-18
0.59199999999999997	8.650980327424002e-18
0.59299999999999997	8.6541848607360005e-18
0.59399999999999997	8.6573947832320003e-18
0.59499999999999997	8.660610104000001e-18
0.59599999999999997	8.6638308321280008e-18
0.59699999999999998	8.6670569767040008e-18
0.59799999999999998	8.6702885468160022e-18
0.59899999999999998	8.6735255515520016e-18
0.59999999999999998	8.6767680000000464e-18
0.60099999999999998	8.6800159012480468e-18
0.60199999999999998	8.6832692643840488e-18
0.60299999999999998	8.6865280984960473e-18
0.60399999999999998	8.6897924126720481e-18
0.60499999999999998	8.6930622160000479e-18
0.60599999999999998	8.6963375175680493e-18
0.60699999999999998	8.699618326464049e-18
0.60799999999999998	8.7029046517760495e-18
0.60899999999999999	8.7061965025920491e-18
0.60999999999999999	8.7094938880000505e-18
0.61099999999999999	8.7127968170880502e-18
0.61199999999999999	8.7161052989440509e-18
0.61299999999999999	8.7194193426560507e-18
0.61399999999999999	8.7227389573120525e-18
0.61499999999999999	8.7260641520000511e-18
0.61599999999999999	8.7293949358080524e-18
0.61699999999999999	8.732731317824053e-18
0.61799999999999999	8.7360733071360525e-18
0.61899999999999999	8.7394209128320552e-18
0.62	8.742774144000053e-18
0.621	8.7461330097280533e-18
0.622	8.7494975191040525e-18
0.623	8.752867681216052e-18
0.624	8.7562435051520514e-18
0.625	8.7596250000000533e-18
0.626	8.7630121748480512e-18
0.627	8.7664050387840495e-18
0.628	8.7698036008960508e-18
0.629	8.7732078702720487e-18
0.63	8.7766178560000489e-18
0.63100000000000001	8.7800335671680495e-18
0.63200000000000001	8.7834550128640502e-18
0.63300000000000001	8.7868822021760491e-18
0.63400000000000001	8.7903151441920474e-18
0.63500000000000001	8.7937538480000477e-18
0.63600000000000001	8.7971983226880468e-18
0.63700000000000001	8.8006485773440456e-18
0.63800000000000001	8.8041046210560439e-18
0.63900000000000001	8.8075664629120476e-18
0.64000000000000001	8.8110341120000438e-18
0.64100000000000001	8.8145075774080431e-18
0.64200000000000002	8.817986868224045e-18
0.64300000000000002	8.8214719935360431e-18
0.64400000000000002	8.8249629624320417e-18
0.64500000000000002	8.8284597840000403e-18
0.64600000000000002	8.8319624673280401e-18
0.64700000000000002	8.8354710215040394e-18
0.64800000000000002	8.8389854556160391e-18
0.64900000000000002	8.842505778752036e-18
0.65000000000000002	8.8460320000000373e-18
0.65100000000000002	8.849564128448035e-18
0.65200000000000002	8.8531021731840349e-18
0.65300000000000002	8.8566461432960336e-18
0.65400000000000003	8.8601960478720337e-18
0.65500000000000003	8.8637518960000304e-18
0.65600000000000003	8.8673136967680309e-18
0.65700000000000003	8.8708814592640303e-18
0.65800000000000003	8.8744551925760282e-18
0.65900000000000003	8.8780349057920274e-18
0.66000000000000003	8.8816206080000243e-18
0.66100000000000003	8.8852123082880233e-18
0.66200000000000003	8.8888100157440256e-18
0.66300000000000003	8.8924137394560231e-18
0.66400000000000003	8.8960234885120231e-18
0.66500000000000004	8.8996392720000238e-18
0.66600000000000004	8.9032610990080217e-18
0.66700000000000004	8.9068889786240195e-18
0.66800000000000004	8.9105229199360184e-18
0.66900000000000004	8.9141629320320181e-18
0.67000000000000004	8.9178090240000167e-18
0.67100000000000004	8.9214612049280153e-18
0.67200000000000004	8.9251194839040121e-18
0.67300000000000004	8.9287838700160128e-18
0.67400000000000004	8.9324543723520094e-18
0.67500000000000004	8.9361310000000108e-18
0.67600000000000005	8.939813762048009e-18
0.67700000000000005	8.9435026675840066e-18
0.67800000000000005	8.9471977256960048e-18
0.67900000000000005	8.9508989454720033e-18
0.68000000000000005	8.9546063360000048e-18
0.68100000000000005	8.9583199063680012e-18
0.68200000000000005	8.9620396656640015e-18
0.68300000000000005	8.9657656229759991e-18
0.68400000000000005	8.9694977873919983e-18
0.68500000000000005	8.9732361679999987e-18
0.68600000000000005	8.9769807738879969e-18
0.68700000000000006	8.9807316141439956e-18
0.68799999999999994	8.9844886978559944e-18
0.68899999999999995	8.9882520341119915e-18
0.68999999999999995	8.9920216319999912e-18
0.69099999999999995	8.9957975006079899e-18
0.69199999999999995	8.9995796490239904e-18
0.69299999999999995	9.0033680863359878e-18
0.69399999999999995	9.0071628216319878e-18
0.69499999999999995	9.0109638639999839e-18
0.69599999999999995	9.0147712225279819e-18
0.69699999999999995	9.0185849063039831e-18
0.69799999999999995	9.0224049244159793e-18
0.69899999999999995	9.0262312859519809e-18
0.69999999999999996	9.0300639999999985e-18
0.70099999999999996	9.0339030756479978e-18
0.70199999999999996	9.0377485219839999e-18
0.70299999999999996	9.0416003480959999e-18
0.70399999999999996	9.0454585630719989e-18
0.70499999999999996	9.0493231759999998e-18
0.70599999999999996	9.053194195967999e-18
0.70699999999999996	9.0570716320639978e-18
0.70799999999999996	9.0609554933759973e-18
0.70899999999999996	9.0648457889919972e-18
0.70999999999999996	9.0687425279999986e-18
0.71099999999999997	9.0726457194879982e-18
0.71199999999999997	9.0765553725439986e-18
0.71299999999999997	9.080471496255998e-18
0.71399999999999997	9.084394099711999e-18
0.71499999999999997	9.0883231919999983e-18
0.71599999999999997	9.0922587822079985e-18
0.71699999999999997	9.0962008794239978e-18
0.71799999999999997	9.1001494927359973e-18
0.71899999999999997	9.1041046312319998e-18
0.71999999999999997	9.1080663039999988e-18
0.72099999999999997	9.1120345201279985e-18
0.72199999999999998	9.1160092887039985e-18
0.72299999999999998	9.1199906188159986e-18
0.72399999999999998	9.1239785195519967e-18
0.72499999999999998	9.1279729999999988e-18
0.72599999999999998	9.1319740692479983e-18
0.72699999999999998	9.1359817363839979e-18
0.72799999999999998	9.1399960104959973e-18
0.72899999999999998	9.1440169006719976e-18
0.72999999999999998	9.1480444159999985e-18
0.73099999999999998	9.1520785655679981e-18
0.73199999999999998	9.1561193584639976e-18
0.73299999999999998	9.1601668037759981e-18
0.73399999999999999	9.1642209105919994e-18
0.73499999999999999	9.1682816879999979e-18
0.73599999999999999	9.172349145087998e-18
0.73699999999999999	9.1764232909439962e-18
0.73799999999999999	9.1805041346559998e-18
0.73899999999999999	9.1845916853119993e-18
0.73999999999999999	9.1886859519999973e-18
0.74099999999999999	9.1927869438079982e-18
0.74199999999999999	9.1968946698239985e-18
0.74299999999999999	9.2010091391359993e-18
0.74399999999999999	9.2051303608319989e-18
0.745	9.2092583439999983e-18
0.746	9.2133930977279987e-18
0.747	9.2175346311039984e-18
0.748	9.2216829532159983e-18
0.749	9.2258380731519983e-18
0.75	9.2300000000000765e-18
0.751	9.2343580731520775e-18
0.752	9.2387229532160766e-18
0.753	9.2430946311040758e-18
0.754	9.2474730977280752e-18
0.755	9.2518583440000738e-18
0.75600000000000001	9.2562503608320751e-18
0.75700000000000001	9.2606491391360746e-18
0.75800000000000001	9.2650546698240728e-18
0.75900000000000001	9.2694669438080732e-18
0.76000000000000001	9.2738859520000745e-18
0.76100000000000001	9.2783116853120725e-18
0.76200000000000001	9.2827441346560721e-18
0.76300000000000001	9.2871832909440706e-18
0.76400000000000001	9.29162914508807e-18
0.76500000000000001	9.2960816880000706e-18
0.76600000000000001	9.300540910592068e-18
0.76700000000000002	9.3050068037760705e-18
0.76800000000000002	9.3094793584640675e-18
0.76900000000000002	9.3139585655680702e-18
0.77000000000000002	9.3184444160000681e-18
0.77100000000000002	9.3229369006720678e-18
0.77200000000000002	9.3274360104960666e-18
0.77300000000000002	9.3319417363840663e-18
0.77400000000000002	9.3364540692480658e-18
0.77500000000000002	9.3409730000000654e-18
0.77600000000000002	9.3454985195520655e-18
0.77700000000000002	9.3500306188160633e-18
0.77800000000000002	9.3545692887040639e-18
0.77900000000000003	9.3591145201280629e-18
0.78000000000000003	9.3636663040000623e-18
0.78100000000000003	9.3682246312320625e-18
0.78200000000000003	9.3727894927360606e-18
0.78300000000000003	9.3773608794240601e-18
0.78400000000000003	9.3819387822080615e-18
0.78500000000000003	9.3865231920000603e-18
0.78600000000000003	9.3911140997120586e-18
0.78700000000000003	9.3957114962560598e-18
0.78800000000000003	9.4003153725440595e-18
0.78900000000000003	9.4049257194880582e-18
0.79000000000000004	9.4095425280000577e-18
0.79100000000000004	9.4141657889920584e-18
0.79200000000000004	9.4187954933760561e-18
0.79300000000000004	9.4234316320640557e-18
0.79400000000000004	9.4280741959680545e-18
0.79500000000000004	9.4327231760000543e-18
0.79600000000000004	9.4373785630720541e-18
0.79700000000000004	9.4420403480960526e-18
0.79800000000000004	9.4467085219840516e-18
0.79900000000000004	9.4513830756480532e-18
0.80000000000000004	9.4560640000000254e-18
0.80100000000000005	9.4607512859520269e-18
0.80200000000000005	9.4654449244160274e-18
0.80300000000000005	9.4701449063040257e-18
0.80400000000000005	9.4748512225280251e-18
0.80500000000000005	9.4795638640000247e-18
0.80600000000000005	9.4842828216320246e-18
0.80700000000000005	9.4890080863360221e-18
0.80800000000000005	9.4937396490240238e-18
0.80900000000000005	9.4984775006080239e-18
0.81000000000000005	9.5032216320000243e-18
0.81100000000000005	9.5079720341120222e-18
0.81200000000000006	9.5127286978560242e-18
0.81299999999999994	9.5174916141440245e-18
0.81399999999999995	9.5222607738880233e-18
0.81499999999999995	9.5270361680000211e-18
0.81599999999999995	9.5318177873920229e-18
0.81699999999999995	9.5366056229760243e-18
0.81799999999999995	9.5413996656640228e-18
0.81899999999999995	9.5461999063680231e-18
0.81999999999999995	9.5510063360000227e-18
0.82099999999999995	9.5558189454720202e-18
0.82199999999999995	9.5606377256960193e-18
0.82299999999999995	9.5654626675840202e-18
0.82399999999999995	9.5702937620480217e-18
0.82499999999999996	9.5751310000000211e-18
0.82599999999999996	9.5799743723520203e-18
0.82699999999999996	9.5848238700160181e-18
0.82799999999999996	9.5896794839040227e-18
0.82899999999999996	9.5945412049280219e-18
0.82999999999999996	9.5994090240000208e-18
0.83099999999999996	9.6042829320320214e-18
0.83199999999999996	9.6091629199360192e-18
0.83299999999999996	9.6140489786240194e-18
0.83399999999999996	9.6189410990080207e-18
0.83499999999999996	9.6238392720000203e-18
0.83599999999999997	9.6287434885120187e-18
0.83699999999999997	9.6336537394560193e-18
0.83799999999999997	9.6385700157440179e-18
0.83899999999999997	9.6434923082880193e-18
0.83999999999999997	9.6484206080000193e-18
0.84099999999999997	9.6533549057920184e-18
0.84199999999999997	9.6582951925760183e-18
0.84299999999999997	9.663241459264018e-18
0.84399999999999997	9.6681936967680192e-18
0.84499999999999997	9.6731518960000193e-18
0.84599999999999997	9.6781160478720218e-18
0.84699999999999998	9.6830861432960207e-18
0.84799999999999998	9.6880621731840196e-18
0.84899999999999998	9.6930441284480203e-18
0.84999999999999998	9.6980320000000186e-18
0.85099999999999998	9.7030257787520194e-18
0.85199999999999998	9.7080254556160201e-18
0.85299999999999998	9.7130310215040179e-18
0.85399999999999998	9.7180424673280178e-18
0.85499999999999998	9.7230597840000201e-18
0.85599999999999998	9.7280829624320175e-18
0.85699999999999998	9.7331119935360211e-18
0.85799999999999998	9.738146868224019e-18
0.85899999999999999	9.7431875774080192e-18
0.85999999999999999	9.7482341120000175e-18
0.86099999999999999	9.7532864629120219e-18
0.86199999999999999	9.7583446210560174e-18
0.86299999999999999	9.7634085773440181e-18
0.86399999999999999	9.7684783226880168e-18
0.86499999999999999	9.7735538480000154e-18
0.86599999999999999	9.7786351441920172e-18
0.86699999999999999	9.783722202176018e-18
0.86799999999999999	9.7888150128640197e-18
0.86899999999999999	9.7939135671680166e-18
0.87	9.7990178560000166e-18
0.871	9.8041278702720139e-18
0.872	9.8092436008960167e-18
0.873	9.8143650387840175e-18
0.874	9.8194921748480183e-18
0.875	9.8246250000000164e-18
0.876	9.8297635051520151e-18
0.877	9.834907681216018e-18
0.878	9.840057519104016e-18
0.879	9.8452130097280143e-18
0.88	9.8503741440000147e-18
0.88100000000000001	9.855540912832016e-18
0.88200000000000001	9.8607133071360124e-18
0.88300000000000001	9.8658913178240181e-18
0.88400000000000001	9.8710749358080166e-18
0.88500000000000001	9.8762641520000144e-18
0.88600000000000001	9.8814589573120118e-18
0.88700000000000001	9.8866593426560122e-18
0.88800000000000001	9.891865298944016e-18
0.88900000000000001	9.8970768170880144e-18
0.89000000000000001	9.9022938880000154e-18
0.89100000000000001	9.9075165025920131e-18
0.89200000000000002	9.9127446517760141e-18
0.89300000000000002	9.9179783264640142e-18
0.89400000000000002	9.9232175175680137e-18
0.89500000000000002	9.9284622160000113e-18
0.89600000000000002	9.9337124126720122e-18
0.89700000000000002	9.9389680984960119e-18
0.89800000000000002	9.9442292643840094e-18
0.89900000000000002	9.9494959012480112e-18
0.90000000000000002	9.9547680000000561e-18
0.90100000000000002	9.9600455515520581e-18
0.90200000000000002	9.9653285468160547e-18
0.90300000000000002	9.9706169767040555e-18
0.90400000000000003	9.975910832128053e-18
0.90500000000000003	9.9812101040000508e-18
0.90600000000000003	9.9865147832320538e-18
0.90700000000000003	9.99182486073605e-18
0.90800000000000003	9.9971403274240491e-18
0.90900000000000003	1.0002461174208048e-17
0.91000000000000003	1.0007787392000046e-17
0.91100000000000003	1.0013118971712047e-17
0.91200000000000003	1.0018455904256042e-17
0.91300000000000003	1.0023798180544042e-17
0.91400000000000003	1.0029145791488041e-17
0.91500000000000004	1.0034498728000042e-17
0.91600000000000004	1.0039856980992043e-17
0.91700000000000004	1.0045220541376039e-17
0.91800000000000004	1.0050589400064037e-17
0.91900000000000004	1.0055963547968035e-17
0.92000000000000004	1.0061342976000036e-17
0.92100000000000004	1.0066727675072033e-17
0.92200000000000004	1.0072117636096033e-17
0.92300000000000004	1.0077512849984031e-17
0.92400000000000004	1.0082913307648028e-17
0.92500000000000004	1.0088319000000027e-17
0.92600000000000005	1.0093729917952025e-17
0.92700000000000005	1.0099146052416024e-17
0.92800000000000005	1.0104567394304022e-17
0.92900000000000005	1.0109993934528023e-17
0.93000000000000005	1.0115425664000024e-17
0.93100000000000005	1.0120862573632022e-17
0.93200000000000005	1.012630465433602e-17
0.93300000000000005	1.0131751897024018e-17
0.93400000000000005	1.0137204292608017e-17
0.93500000000000005	1.0142661832000013e-17
0.93600000000000005	1.0148124506112014e-17
0.93700000000000006	1.015359230585601e-17
0.93799999999999994	1.0159065222144008e-17
0.93899999999999995	1.0164543245888006e-17
0.93999999999999995	1.0170026368000004e-17
0.94099999999999995	1.0175514579392005e-17
0.94199999999999995	1.0181007870976003e-17
0.94299999999999995	1.0186506233664e-17
0.94399999999999995	1.0192009658367998e-17
0.94499999999999995	1.0197518135999998e-17
0.94599999999999995	1.0203031657471996e-17
0.94699999999999995	1.0208550213695994e-17
0.94799999999999995	1.021407379558399e-17
0.94899999999999995	1.0219602394047989e-17
0.94999999999999996	1.022513599999999e-17
0.95099999999999996	1.0230674604351987e-17
0.95199999999999996	1.0236218198015985e-17
0.95299999999999996	1.024176677190398e-17
0.95399999999999996	1.0247320316927978e-17
0.95499999999999996	1.0252878823999977e-17
0.95599999999999996	1.0258442284031978e-17
0.95699999999999996	1.0264010687935973e-17
0.95799999999999996	1.0269584026623972e-17
0.95899999999999996	1.0275162291007971e-17
0.95999999999999996	1.0280745471999972e-17
0.96099999999999997	1.0286333560511967e-17
0.96199999999999997	1.0291926547455965e-17
0.96299999999999997	1.0297524423743964e-17
0.96399999999999997	1.0303127180287961e-17
0.96499999999999997	1.030873480799996e-17
0.96599999999999997	1.0314347297791954e-17
0.96699999999999997	1.0319964640575956e-17
0.96799999999999997	1.032558682726395e-17
0.96899999999999997	1.0331213848767949e-17
0.96999999999999997	1.0336845695999951e-17
0.97099999999999997	1.0342482359871946e-17
0.97199999999999998	1.0348123831295945e-17
0.97299999999999998	1.0353770101183944e-17
0.97399999999999998	1.0359421160447943e-17
0.97499999999999998	1.0365076999999936e-17
0.97599999999999998	1.0370737610751935e-17
0.97699999999999998	1.0376402983615935e-17
0.97799999999999998	1.0382073109503931e-17
0.97899999999999998	1.038774797932793e-17
0.97999999999999998	1.0393427583999929e-17
0.98099999999999998	1.0399111914431926e-17
0.98199999999999998	1.040480096153592e-17
0.98299999999999998	1.0410494716223921e-17
0.98399999999999999	1.0416193169407915e-17
0.98499999999999999	1.0421896311999916e-17
0.98599999999999999	1.0427604134911913e-17
0.98699999999999999	1.0433316629055911e-17
0.98799999999999999	1.0439033785343908e-17
0.98899999999999999	1.0444755594687908e-17
0.98999999999999999	1.0450482047999907e-17
0.99099999999999999	1.0456213136191902e-17
0.99199999999999999	1.0461948850175901e-17
0.99299999999999999	1.0467689180863897e-17
0.99399999999999999	1.0473434119167891e-17
0.995	1.0479183655999893e-17
0.996	1.0484937782271888e-17
0.997	1.0490696488895888e-17
0.998	1.0496459766783884e-17
0.999	1.0502227606847885e-17
1	1.0507999999999934e-17
1.1000000000000001	1.1058959999999944e-17
1.2	1.1700799999999985e-17
1.3	1.2510768000000071e-17
1.3999999999999999	1.3502496000000029e-17
1.5	1.462600000000015e-17
1.6000000000000001	1.5552682879999936e-17
1.7	1.775055362370328e-17
1.8	2.2150418275555067e-17
1.8999999999999999	2.9004530291357795e-17
2	3.8646000000000138e-17
2.1000000000000001	4.9062248558139714e-17
2.2000000000000002	6.2064045602067397e-17
2.2999999999999998	7.8042704651163305e-17
2.3999999999999999	9.78277341602069e-17
2.5	1.2286614556416891e-16
2.6000000000000001	1.5529644194728698e-16
2.7000000000000002	1.9554885863359199e-16
2.7999999999999998	2.4572789134883553e-16
2.8999999999999999	3.0589478195348851e-16
3	3.7332000000000372e-16
3.1000000000000001	4.4544160584e-16
3.2000000000000002	5.2184409983999541e-16
3.2999999999999998	6.0268792653332464e-16
3.3999999999999999	6.8590428074665752e-16
3.5	7.6662624999998568e-16
3.6000000000000001	8.3610729002665392e-16
3.7000000000000002	8.9853760735999084e-16
3.7999999999999998	9.5554800000000205e-16
3.8999999999999999	1.0062376500000006e-15
4	1.0513500000000113e-15
4.0999999999999996	1.0910969065454685e-15
4.2000000000000002	1.127680439272742e-15
4.2999999999999998	1.1644888681818347e-15
4.4000000000000004	1.2018530065454722e-15
4.5	1.2364727272727324e-15
4.5999999999999996	1.2631973847272819e-15
4.7000000000000002	1.2871502492727414e-15
4.7999999999999998	1.3126935927272815e-15
4.9000000000000004	1.3405759320000021e-15
5	1.3672999999999915e-15
5.0999999999999996	1.3868844553999921e-15
5.2000000000000002	1.4041803775999921e-15
5.2999999999999998	1.4202632149999928e-15
5.4000000000000004	1.4355254399999975e-15
5.5	1.4495781250000035e-15
5.5999999999999996	1.462414640000002e-15
5.7000000000000002	1.4740293149999997e-15
5.7999999999999998	1.4839784256000066e-15
5.9000000000000004	1.4926785594000043e-15
6	1.5015000000000062e-15
6.0999999999999996	1.5136897780000031e-15
6.2000000000000002	1.5262118399999989e-15
6.2999999999999998	1.5371696939999965e-15
6.4000000000000004	1.546500384000002e-15
6.5	1.5561562500000031e-15
6.5999999999999996	1.5689983679999999e-15
6.7000000000000002	1.5823517099999971e-15
6.7999999999999998	1.5941445439999996e-15
6.9000000000000004	1.6043199539999981e-15
7	1.6149999999999959e-15
7.0999999999999996	1.6308567583817116e-15
7.2000000000000002	1.6494122625097116e-15
7.2999999999999998	1.6699169610239971e-15
7.4000000000000004	1.6915710504959965e-15
7.5	1.7135285714285692e-15
7.5999999999999996	1.7311692571428569e-15
7.7000000000000002	1.7481672000000013e-15
7.7999999999999998	1.7645419428571464e-15
7.9000000000000004	1.7803130285714338e-15
8	1.795499999999995e-15
8.0999999999999996	1.8106239999999952e-15
8.1999999999999993	1.8252159999999957e-15
8.3000000000000007	1.8392759999999966e-15
8.4000000000000004	1.8528039999999966e-15
8.5	1.8657999999999977e-15
8.5999999999999996	1.8782639999999984e-15
8.6999999999999993	1.8901959999999994e-15
8.8000000000000007	1.9015959999999999e-15
8.9000000000000004	1.9124640000000008e-15
9	1.9228000000000087e-15
9.0999999999999996	1.9326040000000098e-15
9.1999999999999993	1.9418760000000105e-15
9.3000000000000007	1.9506160000000115e-15
9.4000000000000004	1.9588240000000109e-15
9.5	1.9665000000000192e-15
9.5999999999999996	1.9729404571428724e-15
9.6999999999999993	1.9789270857142967e-15
9.8000000000000007	1.9844892000000065e-15
9.9000000000000004	1.9896561142857156e-15
10	1.9944571428571412e-15
10.5	2.014000000000002e-15
11	2.032049999999998e-15
11.5	2.0425000000000043e-15
12	2.0425000000000086e-15
12.5	2.0436875000000145e-15
13	2.04487500000002e-15
13.5	2.0448750000000141e-15
14	2.0424999999999905e-15
14.5	2.0324804687499933e-15
15	2.0193437499999869e-15
15.5	2.0035351562499973e-15
16	1.985499999999989e-15
16.5	1.967167968749997e-15
17	1.9469062499999998e-15
17.5	1.9245664062500044e-15
18	1.8999999999999993e-15
18.5	1.8663789062500006e-15
19	1.8329062500000019e-15
19.5	1.8021054687500026e-15
20	1.7764999999999976e-15
20.5	1.7690569196428556e-15
21	1.7676785714285711e-15
21.5	1.7707109375000013e-15
22	1.7764999999999945e-15
22.5	1.7764999999999945e-15
23	1.776499999999996e-15
23.5	1.7764999999999972e-15
24	1.7764999999999992e-15
24.5	1.7765000000000012e-15
25	1.7765e-15
25.5	1.7765e-15
26	1.7765e-15
26.5	1.7765e-15
27	1.7765000000000004e-15
27.5	1.7765000000000008e-15
28	1.7765000000000016e-15
28.5	1.7765000000000016e-15
29	1.7765000000000019e-15
29.5	1.7765000000000019e-15
30	1.7764999999999897e-15
30.5	1.7764999999999917e-15
31	1.7764999999999933e-15
31.5	1.7764999999999952e-15
32	1.7764999999999964e-15
32.5	1.7764999999999984e-15
33	1.7765000000000008e-15
33.5	1.7765000000000027e-15
34	1.7765000000000043e-15
34.5	1.7765000000000063e-15
35	1.7765000000000083e-15
35.5	1.776500000000009e-15
36	1.7765000000000098e-15
36.5	1.7765000000000102e-15
37	1.7765000000000102e-15
37.5	1.7765000000000098e-15
38	1.7765000000000087e-15
38.5	1.7765000000000071e-15
39	1.7765000000000047e-15
39.5	1.7765000000000012e-15
40	1.7764999999999972e-15
40.5	1.7765e-15
41	1.7765e-15
41.5	1.7765e-15
42	1.7765e-15
42.5	1.7765e-15
43	1.7765e-15
43.5	1.7765e-15
44	1.7765e-15
44.5	1.7765e-15
45	1.7765e-15
45.5	1.7765e-15
46	1.7765e-15
46.5	1.7765e-15
47	1.7765e-15
47.5	1.7765e-15
48	1.7765e-15
48.5	1.7765e-15
49	1.7765e-15
49.5	1.7765e-15
50	1.7765e-15
