//1	2	0	1	1	0	0.0	0
//Energy[eV]	XS[cm2]
0	5.64E-16
0.01	5.64E-16
0.02	5.64E-16
0.03	5.64E-16
0.04	5.64E-16
0.05	5.64E-16
0.06	5.64E-16
0.07	5.64E-16
0.08	5.64E-16
0.09	5.64E-16
0.1	5.64E-16
0.11	5.64E-16
0.12	5.64E-16
0.13	5.64E-16
0.14	5.64E-16
0.15	5.64E-16
0.16	5.64E-16
0.17	5.64E-16
0.18	5.64E-16
0.19	5.64E-16
0.2	5.64E-16
0.21	5.64E-16
0.22	5.64E-16
0.23	5.64E-16
0.24	5.64E-16
0.25	5.64E-16
0.26	5.64E-16
0.27	5.64E-16
0.28	5.64E-16
0.29	5.64E-16
0.3	5.64E-16
0.31	5.64E-16
0.32	5.64E-16
0.33	5.64E-16
0.34	5.64E-16
0.35	5.64E-16
0.36	5.64E-16
0.37	5.64E-16
0.38	5.64E-16
0.39	5.64E-16
0.4	5.64E-16
0.41	5.64E-16
0.42	5.64E-16
0.43	5.64E-16
0.44	5.64E-16
0.45	5.64E-16
0.46	5.64E-16
0.47	5.64E-16
0.48	5.64E-16
0.49	5.64E-16
0.5	5.64E-16
0.51	5.64E-16
0.52	5.64E-16
0.53	5.64E-16
0.54	5.64E-16
0.55	5.64E-16
0.56	5.64E-16
0.57	5.64E-16
0.58	5.64E-16
0.59	5.64E-16
0.6	5.64E-16
0.61	5.64E-16
0.62	5.64E-16
0.63	5.64E-16
0.64	5.64E-16
0.65	5.64E-16
0.66	5.64E-16
0.67	5.64E-16
0.68	5.64E-16
0.69	5.64E-16
0.7	5.64E-16
0.71	5.64E-16
0.72	5.64E-16
0.73	5.64E-16
0.74	5.64E-16
0.75	5.64E-16
0.76	5.64E-16
0.77	5.64E-16
0.78	5.64E-16
0.79	5.64E-16
0.8	5.64E-16
0.81	5.64E-16
0.82	5.64E-16
0.83	5.64E-16
0.84	5.64E-16
0.85	5.64E-16
0.86	5.64E-16
0.87	5.64E-16
0.88	5.64E-16
0.89	5.64E-16
0.9	5.64E-16
0.91	5.64E-16
0.92	5.64E-16
0.93	5.64E-16
0.94	5.64E-16
0.95	5.64E-16
0.96	5.64E-16
0.97	5.64E-16
0.98	5.64E-16
0.99	5.64E-16
1	5.64E-16
1.01	5.64E-16
1.02	5.64E-16
1.03	5.64E-16
1.04	5.64E-16
1.05	5.64E-16
1.06	5.64E-16
1.07	5.64E-16
1.08	5.64E-16
1.09	5.64E-16
1.1	5.64E-16
1.11	5.64E-16
1.12	5.64E-16
1.13	5.64E-16
1.14	5.64E-16
1.15	5.64E-16
1.16	5.64E-16
1.17	5.64E-16
1.18	5.64E-16
1.19	5.64E-16
1.2	5.64E-16
1.21	5.64E-16
1.22	5.64E-16
1.23	5.64E-16
1.24	5.64E-16
1.25	5.64E-16
1.26	5.64E-16
1.27	5.64E-16
1.28	5.64E-16
1.29	5.64E-16
1.3	5.64E-16
1.31	5.64E-16
1.32	5.64E-16
1.33	5.64E-16
1.34	5.64E-16
1.35	5.64E-16
1.36	5.64E-16
1.37	5.64E-16
1.38	5.64E-16
1.39	5.64E-16
1.4	5.64E-16
1.41	5.64E-16
1.42	5.64E-16
1.43	5.64E-16
1.44	5.64E-16
1.45	5.64E-16
1.46	5.64E-16
1.47	5.64E-16
1.48	5.64E-16
1.49	5.64E-16
1.5	5.64E-16
1.51	5.64E-16
1.52	5.64E-16
1.53	5.64E-16
1.54	5.64E-16
1.55	5.64E-16
1.56	5.64E-16
1.57	5.64E-16
1.58	5.64E-16
1.59	5.64E-16
1.6	5.64E-16
1.61	5.64E-16
1.62	5.64E-16
1.63	5.64E-16
1.64	5.64E-16
1.65	5.64E-16
1.66	5.64E-16
1.67	5.64E-16
1.68	5.64E-16
1.69	5.64E-16
1.7	5.64E-16
1.71	5.63E-16
1.72	5.63E-16
1.73	5.63E-16
1.74	5.63E-16
1.75	5.63E-16
1.76	5.63E-16
1.77	5.63E-16
1.78	5.63E-16
1.79	5.63E-16
1.8	5.63E-16
1.81	5.63E-16
1.82	5.63E-16
1.83	5.63E-16
1.84	5.63E-16
1.85	5.63E-16
1.86	5.63E-16
1.87	5.63E-16
1.88	5.63E-16
1.89	5.63E-16
1.9	5.63E-16
1.91	5.64E-16
1.92	5.64E-16
1.93	5.64E-16
1.94	5.64E-16
1.95	5.64E-16
1.96	5.64E-16
1.97	5.64E-16
1.98	5.64E-16
1.99	5.64E-16
2	5.64E-16
2.01	5.64E-16
2.02	5.64E-16
2.03	5.64E-16
2.04	5.64E-16
2.05	5.64E-16
2.06	5.65E-16
2.07	5.65E-16
2.08	5.65E-16
2.09	5.65E-16
2.1	5.65E-16
2.11	5.65E-16
2.12	5.65E-16
2.13	5.65E-16
2.14	5.65E-16
2.15	5.66E-16
2.16	5.66E-16
2.17	5.66E-16
2.18	5.66E-16
2.19	5.66E-16
2.2	5.66E-16
2.21	5.66E-16
2.22	5.67E-16
2.23	5.67E-16
2.24	5.67E-16
2.25	5.67E-16
2.26	5.67E-16
2.27	5.67E-16
2.28	5.67E-16
2.29	5.68E-16
2.3	5.68E-16
2.31	5.68E-16
2.32	5.68E-16
2.33	5.68E-16
2.34	5.68E-16
2.35	5.68E-16
2.36	5.68E-16
2.37	5.69E-16
2.38	5.69E-16
2.39	5.69E-16
2.4	5.69E-16
2.41	5.69E-16
2.42	5.69E-16
2.43	5.69E-16
2.44	5.69E-16
2.45	5.70E-16
2.46	5.70E-16
2.47	5.70E-16
2.48	5.70E-16
2.49	5.70E-16
2.5	5.70E-16
2.51	5.70E-16
2.52	5.70E-16
2.53	5.70E-16
2.54	5.70E-16
2.55	5.70E-16
2.56	5.70E-16
2.57	5.70E-16
2.58	5.71E-16
2.59	5.71E-16
2.6	5.71E-16
2.61	5.71E-16
2.62	5.71E-16
2.63	5.71E-16
2.64	5.71E-16
2.65	5.71E-16
2.66	5.71E-16
2.67	5.71E-16
2.68	5.71E-16
2.69	5.71E-16
2.7	5.70E-16
2.71	5.70E-16
2.72	5.70E-16
2.73	5.70E-16
2.74	5.70E-16
2.75	5.70E-16
2.76	5.70E-16
2.77	5.70E-16
2.78	5.70E-16
2.79	5.70E-16
2.8	5.69E-16
2.81	5.69E-16
2.82	5.69E-16
2.83	5.69E-16
2.84	5.69E-16
2.85	5.69E-16
2.86	5.68E-16
2.87	5.68E-16
2.88	5.68E-16
2.89	5.68E-16
2.9	5.67E-16
2.91	5.67E-16
2.92	5.67E-16
2.93	5.67E-16
2.94	5.66E-16
2.95	5.66E-16
2.96	5.66E-16
2.97	5.65E-16
2.98	5.65E-16
2.99	5.64E-16
3	5.64E-16
3.01	5.64E-16
3.02	5.63E-16
3.03	5.63E-16
3.04	5.62E-16
3.05	5.62E-16
3.06	5.61E-16
3.07	5.61E-16
3.08	5.60E-16
3.09	5.60E-16
3.1	5.59E-16
3.11	5.59E-16
3.12	5.58E-16
3.13	5.58E-16
3.14	5.57E-16
3.15	5.57E-16
3.16	5.56E-16
3.17	5.56E-16
3.18	5.55E-16
3.19	5.55E-16
3.2	5.54E-16
3.21	5.54E-16
3.22	5.53E-16
3.23	5.53E-16
3.24	5.52E-16
3.25	5.52E-16
3.26	5.51E-16
3.27	5.51E-16
3.28	5.50E-16
3.29	5.50E-16
3.3	5.49E-16
3.31	5.49E-16
3.32	5.48E-16
3.33	5.48E-16
3.34	5.48E-16
3.35	5.47E-16
3.36	5.47E-16
3.37	5.47E-16
3.38	5.46E-16
3.39	5.46E-16
3.4	5.46E-16
3.41	5.46E-16
3.42	5.45E-16
3.43	5.45E-16
3.44	5.45E-16
3.45	5.45E-16
3.46	5.45E-16
3.47	5.45E-16
3.48	5.45E-16
3.49	5.45E-16
3.5	5.45E-16
3.51	5.45E-16
3.52	5.45E-16
3.53	5.45E-16
3.54	5.45E-16
3.55	5.45E-16
3.56	5.45E-16
3.57	5.46E-16
3.58	5.46E-16
3.59	5.46E-16
3.6	5.47E-16
3.61	5.47E-16
3.62	5.47E-16
3.63	5.48E-16
3.64	5.48E-16
3.65	5.49E-16
3.66	5.50E-16
3.67	5.50E-16
3.68	5.51E-16
3.69	5.52E-16
3.7	5.53E-16
3.71	5.54E-16
3.72	5.55E-16
3.73	5.56E-16
3.74	5.57E-16
3.75	5.58E-16
3.76	5.59E-16
3.77	5.60E-16
3.78	5.61E-16
3.79	5.63E-16
3.8	5.64E-16
3.81	5.65E-16
3.82	5.67E-16
3.83	5.68E-16
3.84	5.70E-16
3.85	5.72E-16
3.86	5.73E-16
3.87	5.75E-16
3.88	5.77E-16
3.89	5.79E-16
3.9	5.81E-16
3.91	5.82E-16
3.92	5.84E-16
3.93	5.86E-16
3.94	5.88E-16
3.95	5.90E-16
3.96	5.92E-16
3.97	5.94E-16
3.98	5.96E-16
3.99	5.98E-16
4	6.00E-16
4.01	6.02E-16
4.02	6.04E-16
4.03	6.06E-16
4.04	6.08E-16
4.05	6.10E-16
4.06	6.12E-16
4.07	6.14E-16
4.08	6.16E-16
4.09	6.18E-16
4.1	6.20E-16
4.11	6.21E-16
4.12	6.23E-16
4.13	6.25E-16
4.14	6.27E-16
4.15	6.29E-16
4.16	6.31E-16
4.17	6.33E-16
4.18	6.35E-16
4.19	6.37E-16
4.2	6.39E-16
4.21	6.41E-16
4.22	6.42E-16
4.23	6.44E-16
4.24	6.46E-16
4.25	6.48E-16
4.26	6.50E-16
4.27	6.52E-16
4.28	6.54E-16
4.29	6.56E-16
4.3	6.57E-16
4.31	6.59E-16
4.32	6.61E-16
4.33	6.63E-16
4.34	6.65E-16
4.35	6.67E-16
4.36	6.69E-16
4.37	6.70E-16
4.38	6.72E-16
4.39	6.74E-16
4.4	6.76E-16
4.41	6.78E-16
4.42	6.80E-16
4.43	6.81E-16
4.44	6.83E-16
4.45	6.85E-16
4.46	6.87E-16
4.47	6.89E-16
4.48	6.91E-16
4.49	6.92E-16
4.5	6.94E-16
4.51	6.96E-16
4.52	6.98E-16
4.53	7.00E-16
4.54	7.01E-16
4.55	7.03E-16
4.56	7.05E-16
4.57	7.07E-16
4.58	7.09E-16
4.59	7.10E-16
4.6	7.12E-16
4.61	7.14E-16
4.62	7.16E-16
4.63	7.18E-16
4.64	7.19E-16
4.65	7.21E-16
4.66	7.23E-16
4.67	7.25E-16
4.68	7.27E-16
4.69	7.28E-16
4.7	7.30E-16
4.71	7.32E-16
4.72	7.34E-16
4.73	7.35E-16
4.74	7.37E-16
4.75	7.39E-16
4.76	7.41E-16
4.77	7.43E-16
4.78	7.44E-16
4.79	7.46E-16
4.8	7.48E-16
4.81	7.50E-16
4.82	7.51E-16
4.83	7.53E-16
4.84	7.55E-16
4.85	7.57E-16
4.86	7.58E-16
4.87	7.60E-16
4.88	7.62E-16
4.89	7.64E-16
4.9	7.65E-16
4.91	7.67E-16
4.92	7.69E-16
4.93	7.71E-16
4.94	7.72E-16
4.95	7.74E-16
4.96	7.76E-16
4.97	7.78E-16
4.98	7.79E-16
4.99	7.81E-16
5	7.83E-16
5.01	7.85E-16
5.02	7.87E-16
5.03	7.88E-16
5.04	7.90E-16
5.05	7.92E-16
5.06	7.94E-16
5.07	7.95E-16
5.08	7.97E-16
5.09	7.99E-16
5.1	8.01E-16
5.11	8.02E-16
5.12	8.04E-16
5.13	8.06E-16
5.14	8.08E-16
5.15	8.09E-16
5.16	8.11E-16
5.17	8.13E-16
5.18	8.15E-16
5.19	8.16E-16
5.2	8.18E-16
5.21	8.20E-16
5.22	8.22E-16
5.23	8.23E-16
5.24	8.25E-16
5.25	8.27E-16
5.26	8.29E-16
5.27	8.30E-16
5.28	8.32E-16
5.29	8.34E-16
5.3	8.36E-16
5.31	8.37E-16
5.32	8.39E-16
5.33	8.41E-16
5.34	8.43E-16
5.35	8.44E-16
5.36	8.46E-16
5.37	8.48E-16
5.38	8.50E-16
5.39	8.51E-16
5.4	8.53E-16
5.41	8.55E-16
5.42	8.57E-16
5.43	8.58E-16
5.44	8.60E-16
5.45	8.62E-16
5.46	8.64E-16
5.47	8.65E-16
5.48	8.67E-16
5.49	8.69E-16
5.5	8.71E-16
5.51	8.72E-16
5.52	8.74E-16
5.53	8.76E-16
5.54	8.78E-16
5.55	8.79E-16
5.56	8.81E-16
5.57	8.83E-16
5.58	8.85E-16
5.59	8.86E-16
5.6	8.88E-16
5.61	8.90E-16
5.62	8.92E-16
5.63	8.93E-16
5.64	8.95E-16
5.65	8.97E-16
5.66	8.99E-16
5.67	9.00E-16
5.68	9.02E-16
5.69	9.04E-16
5.7	9.06E-16
5.71	9.07E-16
5.72	9.09E-16
5.73	9.11E-16
5.74	9.13E-16
5.75	9.14E-16
5.76	9.16E-16
5.77	9.18E-16
5.78	9.20E-16
5.79	9.21E-16
5.8	9.23E-16
5.81	9.25E-16
5.82	9.27E-16
5.83	9.28E-16
5.84	9.30E-16
5.85	9.32E-16
5.86	9.34E-16
5.87	9.35E-16
5.88	9.37E-16
5.89	9.39E-16
5.9	9.41E-16
5.91	9.42E-16
5.92	9.44E-16
5.93	9.46E-16
5.94	9.48E-16
5.95	9.49E-16
5.96	9.51E-16
5.97	9.53E-16
5.98	9.55E-16
5.99	9.56E-16
6	9.58E-16
6.01	9.60E-16
6.02	9.61E-16
6.03	9.63E-16
6.04	9.65E-16
6.05	9.67E-16
6.06	9.68E-16
6.07	9.70E-16
6.08	9.72E-16
6.09	9.74E-16
6.1	9.75E-16
6.11	9.77E-16
6.12	9.79E-16
6.13	9.81E-16
6.14	9.83E-16
6.15	9.84E-16
6.16	9.86E-16
6.17	9.88E-16
6.18	9.90E-16
6.19	9.91E-16
6.2	9.93E-16
6.21	9.95E-16
6.22	9.97E-16
6.23	9.98E-16
6.24	1.00E-15
6.25	1.00E-15
6.26	1.00E-15
6.27	1.01E-15
6.28	1.01E-15
6.29	1.01E-15
6.3	1.01E-15
6.31	1.01E-15
6.32	1.01E-15
6.33	1.02E-15
6.34	1.02E-15
6.35	1.02E-15
6.36	1.02E-15
6.37	1.02E-15
6.38	1.02E-15
6.39	1.03E-15
6.4	1.03E-15
6.41	1.03E-15
6.42	1.03E-15
6.43	1.03E-15
6.44	1.04E-15
6.45	1.04E-15
6.46	1.04E-15
6.47	1.04E-15
6.48	1.04E-15
6.49	1.04E-15
6.5	1.05E-15
6.51	1.05E-15
6.52	1.05E-15
6.53	1.05E-15
6.54	1.05E-15
6.55	1.06E-15
6.56	1.06E-15
6.57	1.06E-15
6.58	1.06E-15
6.59	1.06E-15
6.6	1.06E-15
6.61	1.07E-15
6.62	1.07E-15
6.63	1.07E-15
6.64	1.07E-15
6.65	1.07E-15
6.66	1.08E-15
6.67	1.08E-15
6.68	1.08E-15
6.69	1.08E-15
6.7	1.08E-15
6.71	1.08E-15
6.72	1.09E-15
6.73	1.09E-15
6.74	1.09E-15
6.75	1.09E-15
6.76	1.09E-15
6.77	1.10E-15
6.78	1.10E-15
6.79	1.10E-15
6.8	1.10E-15
6.81	1.10E-15
6.82	1.11E-15
6.83	1.11E-15
6.84	1.11E-15
6.85	1.11E-15
6.86	1.11E-15
6.87	1.11E-15
6.88	1.12E-15
6.89	1.12E-15
6.9	1.12E-15
6.91	1.12E-15
6.92	1.12E-15
6.93	1.13E-15
6.94	1.13E-15
6.95	1.13E-15
6.96	1.13E-15
6.97	1.13E-15
6.98	1.14E-15
6.99	1.14E-15
7	1.14E-15
7.01	1.14E-15
7.02	1.14E-15
7.03	1.15E-15
7.04	1.15E-15
7.05	1.15E-15
7.06	1.15E-15
7.07	1.15E-15
7.08	1.16E-15
7.09	1.16E-15
7.1	1.16E-15
7.11	1.16E-15
7.12	1.16E-15
7.13	1.17E-15
7.14	1.17E-15
7.15	1.17E-15
7.16	1.17E-15
7.17	1.17E-15
7.18	1.18E-15
7.19	1.18E-15
7.2	1.18E-15
7.21	1.18E-15
7.22	1.18E-15
7.23	1.19E-15
7.24	1.19E-15
7.25	1.19E-15
7.26	1.19E-15
7.27	1.19E-15
7.28	1.20E-15
7.29	1.20E-15
7.3	1.20E-15
7.31	1.20E-15
7.32	1.20E-15
7.33	1.21E-15
7.34	1.21E-15
7.35	1.21E-15
7.36	1.21E-15
7.37	1.21E-15
7.38	1.22E-15
7.39	1.22E-15
7.4	1.22E-15
7.41	1.22E-15
7.42	1.22E-15
7.43	1.23E-15
7.44	1.23E-15
7.45	1.23E-15
7.46	1.23E-15
7.47	1.23E-15
7.48	1.24E-15
7.49	1.24E-15
7.5	1.24E-15
7.51	1.24E-15
7.52	1.24E-15
7.53	1.25E-15
7.54	1.25E-15
7.55	1.25E-15
7.56	1.25E-15
7.57	1.25E-15
7.58	1.26E-15
7.59	1.26E-15
7.6	1.26E-15
7.61	1.26E-15
7.62	1.26E-15
7.63	1.27E-15
7.64	1.27E-15
7.65	1.27E-15
7.66	1.27E-15
7.67	1.27E-15
7.68	1.27E-15
7.69	1.28E-15
7.7	1.28E-15
7.71	1.28E-15
7.72	1.28E-15
7.73	1.28E-15
7.74	1.29E-15
7.75	1.29E-15
7.76	1.29E-15
7.77	1.29E-15
7.78	1.29E-15
7.79	1.29E-15
7.8	1.30E-15
7.81	1.30E-15
7.82	1.30E-15
7.83	1.30E-15
7.84	1.30E-15
7.85	1.31E-15
7.86	1.31E-15
7.87	1.31E-15
7.88	1.31E-15
7.89	1.31E-15
7.9	1.31E-15
7.91	1.32E-15
7.92	1.32E-15
7.93	1.32E-15
7.94	1.32E-15
7.95	1.32E-15
7.96	1.32E-15
7.97	1.33E-15
7.98	1.33E-15
7.99	1.33E-15
8	1.33E-15
8.01	1.33E-15
8.02	1.33E-15
8.03	1.33E-15
8.04	1.34E-15
8.05	1.34E-15
8.06	1.34E-15
8.07	1.34E-15
8.08	1.34E-15
8.09	1.34E-15
8.1	1.35E-15
8.11	1.35E-15
8.12	1.35E-15
8.13	1.35E-15
8.14	1.35E-15
8.15	1.35E-15
8.16	1.35E-15
8.17	1.35E-15
8.18	1.36E-15
8.19	1.36E-15
8.2	1.36E-15
8.21	1.36E-15
8.22	1.36E-15
8.23	1.36E-15
8.24	1.36E-15
8.25	1.37E-15
8.26	1.37E-15
8.27	1.37E-15
8.28	1.37E-15
8.29	1.37E-15
8.3	1.37E-15
8.31	1.37E-15
8.32	1.37E-15
8.33	1.38E-15
8.34	1.38E-15
8.35	1.38E-15
8.36	1.38E-15
8.37	1.38E-15
8.38	1.38E-15
8.39	1.38E-15
8.4	1.38E-15
8.41	1.38E-15
8.42	1.39E-15
8.43	1.39E-15
8.44	1.39E-15
8.45	1.39E-15
8.46	1.39E-15
8.47	1.39E-15
8.48	1.39E-15
8.49	1.39E-15
8.5	1.39E-15
8.51	1.40E-15
8.52	1.40E-15
8.53	1.40E-15
8.54	1.40E-15
8.55	1.40E-15
8.56	1.40E-15
8.57	1.40E-15
8.58	1.40E-15
8.59	1.40E-15
8.6	1.40E-15
8.61	1.41E-15
8.62	1.41E-15
8.63	1.41E-15
8.64	1.41E-15
8.65	1.41E-15
8.66	1.41E-15
8.67	1.41E-15
8.68	1.41E-15
8.69	1.41E-15
8.7	1.41E-15
8.71	1.42E-15
8.72	1.42E-15
8.73	1.42E-15
8.74	1.42E-15
8.75	1.42E-15
8.76	1.42E-15
8.77	1.42E-15
8.78	1.42E-15
8.79	1.42E-15
8.8	1.42E-15
8.81	1.42E-15
8.82	1.42E-15
8.83	1.43E-15
8.84	1.43E-15
8.85	1.43E-15
8.86	1.43E-15
8.87	1.43E-15
8.88	1.43E-15
8.89	1.43E-15
8.9	1.43E-15
8.91	1.43E-15
8.92	1.43E-15
8.93	1.43E-15
8.94	1.43E-15
8.95	1.43E-15
8.96	1.44E-15
8.97	1.44E-15
8.98	1.44E-15
8.99	1.44E-15
9	1.44E-15
9.01	1.44E-15
9.02	1.44E-15
9.03	1.44E-15
9.04	1.44E-15
9.05	1.44E-15
9.06	1.44E-15
9.07	1.44E-15
9.08	1.44E-15
9.09	1.44E-15
9.1	1.45E-15
9.11	1.45E-15
9.12	1.45E-15
9.13	1.45E-15
9.14	1.45E-15
9.15	1.45E-15
9.16	1.45E-15
9.17	1.45E-15
9.18	1.45E-15
9.19	1.45E-15
9.2	1.45E-15
9.21	1.45E-15
9.22	1.45E-15
9.23	1.45E-15
9.24	1.45E-15
9.25	1.46E-15
9.26	1.46E-15
9.27	1.46E-15
9.28	1.46E-15
9.29	1.46E-15
9.3	1.46E-15
9.31	1.46E-15
9.32	1.46E-15
9.33	1.46E-15
9.34	1.46E-15
9.35	1.46E-15
9.36	1.46E-15
9.37	1.46E-15
9.38	1.46E-15
9.39	1.46E-15
9.4	1.46E-15
9.41	1.46E-15
9.42	1.47E-15
9.43	1.47E-15
9.44	1.47E-15
9.45	1.47E-15
9.46	1.47E-15
9.47	1.47E-15
9.48	1.47E-15
9.49	1.47E-15
9.5	1.47E-15
9.51	1.47E-15
9.52	1.47E-15
9.53	1.47E-15
9.54	1.47E-15
9.55	1.47E-15
9.56	1.47E-15
9.57	1.47E-15
9.58	1.47E-15
9.59	1.48E-15
9.6	1.48E-15
9.61	1.48E-15
9.62	1.48E-15
9.63	1.48E-15
9.64	1.48E-15
9.65	1.48E-15
9.66	1.48E-15
9.67	1.48E-15
9.68	1.48E-15
9.69	1.48E-15
9.7	1.48E-15
9.71	1.48E-15
9.72	1.48E-15
9.73	1.48E-15
9.74	1.48E-15
9.75	1.48E-15
9.76	1.48E-15
9.77	1.49E-15
9.78	1.49E-15
9.79	1.49E-15
9.8	1.49E-15
9.81	1.49E-15
9.82	1.49E-15
9.83	1.49E-15
9.84	1.49E-15
9.85	1.49E-15
9.86	1.49E-15
9.87	1.49E-15
9.88	1.49E-15
9.89	1.49E-15
9.9	1.49E-15
9.91	1.49E-15
9.92	1.49E-15
9.93	1.49E-15
9.94	1.49E-15
9.95	1.49E-15
9.96	1.50E-15
9.97	1.50E-15
9.98	1.50E-15
9.99	1.50E-15
10	1.50E-15
10.01	1.50E-15
10.02	1.50E-15
10.03	1.50E-15
10.04	1.50E-15
10.05	1.50E-15
10.06	1.50E-15
10.07	1.50E-15
10.08	1.50E-15
10.09	1.50E-15
10.1	1.50E-15
10.11	1.50E-15
10.12	1.50E-15
10.13	1.50E-15
10.14	1.50E-15
10.15	1.50E-15
10.16	1.50E-15
10.17	1.51E-15
10.18	1.51E-15
10.19	1.51E-15
10.2	1.51E-15
10.21	1.51E-15
10.22	1.51E-15
10.23	1.51E-15
10.24	1.51E-15
10.25	1.51E-15
10.26	1.51E-15
10.27	1.51E-15
10.28	1.51E-15
10.29	1.51E-15
10.3	1.51E-15
10.31	1.51E-15
10.32	1.51E-15
10.33	1.51E-15
10.34	1.51E-15
10.35	1.51E-15
10.36	1.51E-15
10.37	1.51E-15
10.38	1.51E-15
10.39	1.52E-15
10.4	1.52E-15
10.41	1.52E-15
10.42	1.52E-15
10.43	1.52E-15
10.44	1.52E-15
10.45	1.52E-15
10.46	1.52E-15
10.47	1.52E-15
10.48	1.52E-15
10.49	1.52E-15
10.5	1.52E-15
10.51	1.52E-15
10.52	1.52E-15
10.53	1.52E-15
10.54	1.52E-15
10.55	1.52E-15
10.56	1.52E-15
10.57	1.52E-15
10.58	1.52E-15
10.59	1.52E-15
10.6	1.52E-15
10.61	1.52E-15
10.62	1.52E-15
10.63	1.53E-15
10.64	1.53E-15
10.65	1.53E-15
10.66	1.53E-15
10.67	1.53E-15
10.68	1.53E-15
10.69	1.53E-15
10.7	1.53E-15
10.71	1.53E-15
10.72	1.53E-15
10.73	1.53E-15
10.74	1.53E-15
10.75	1.53E-15
10.76	1.53E-15
10.77	1.53E-15
10.78	1.53E-15
10.79	1.53E-15
10.8	1.53E-15
10.81	1.53E-15
10.82	1.53E-15
10.83	1.53E-15
10.84	1.53E-15
10.85	1.53E-15
10.86	1.53E-15
10.87	1.53E-15
10.88	1.53E-15
10.89	1.53E-15
10.9	1.53E-15
10.91	1.53E-15
10.92	1.53E-15
10.93	1.53E-15
10.94	1.53E-15
10.95	1.54E-15
10.96	1.54E-15
10.97	1.54E-15
10.98	1.54E-15
10.99	1.54E-15
11	1.54E-15
11.01	1.54E-15
11.02	1.54E-15
11.03	1.54E-15
11.04	1.54E-15
11.05	1.54E-15
11.06	1.54E-15
11.07	1.54E-15
11.08	1.54E-15
11.09	1.54E-15
11.1	1.54E-15
11.11	1.54E-15
11.12	1.54E-15
11.13	1.54E-15
11.14	1.54E-15
11.15	1.54E-15
11.16	1.54E-15
11.17	1.54E-15
11.18	1.54E-15
11.19	1.54E-15
11.2	1.54E-15
11.21	1.54E-15
11.22	1.54E-15
11.23	1.54E-15
11.24	1.54E-15
11.25	1.54E-15
11.26	1.54E-15
11.27	1.54E-15
11.28	1.54E-15
11.29	1.54E-15
11.3	1.54E-15
11.31	1.54E-15
11.32	1.54E-15
11.33	1.54E-15
11.34	1.54E-15
11.35	1.54E-15
11.36	1.54E-15
11.37	1.54E-15
11.38	1.54E-15
11.39	1.54E-15
11.4	1.54E-15
11.41	1.54E-15
11.42	1.54E-15
11.43	1.54E-15
11.44	1.54E-15
11.45	1.54E-15
11.46	1.54E-15
11.47	1.54E-15
11.48	1.54E-15
11.49	1.54E-15
11.5	1.54E-15
11.51	1.54E-15
11.52	1.54E-15
11.53	1.54E-15
11.54	1.54E-15
11.55	1.54E-15
11.56	1.54E-15
11.57	1.54E-15
11.58	1.54E-15
11.59	1.54E-15
11.6	1.54E-15
11.61	1.54E-15
11.62	1.54E-15
11.63	1.54E-15
11.64	1.54E-15
11.65	1.54E-15
11.66	1.54E-15
11.67	1.54E-15
11.68	1.54E-15
11.69	1.54E-15
11.7	1.54E-15
11.71	1.54E-15
11.72	1.54E-15
11.73	1.54E-15
11.74	1.54E-15
11.75	1.54E-15
11.76	1.54E-15
11.77	1.54E-15
11.78	1.54E-15
11.79	1.53E-15
11.8	1.53E-15
11.81	1.53E-15
11.82	1.53E-15
11.83	1.53E-15
11.84	1.53E-15
11.85	1.53E-15
11.86	1.53E-15
11.87	1.53E-15
11.88	1.53E-15
11.89	1.53E-15
11.9	1.53E-15
11.91	1.53E-15
11.92	1.53E-15
11.93	1.53E-15
11.94	1.53E-15
11.95	1.53E-15
11.96	1.53E-15
11.97	1.53E-15
11.98	1.53E-15
11.99	1.53E-15
12	1.53E-15
12.01	1.53E-15
12.02	1.53E-15
12.03	1.53E-15
12.04	1.53E-15
12.05	1.53E-15
12.06	1.53E-15
12.07	1.53E-15
12.08	1.53E-15
12.09	1.53E-15
12.1	1.53E-15
12.11	1.53E-15
12.12	1.53E-15
12.13	1.53E-15
12.14	1.53E-15
12.15	1.53E-15
12.16	1.53E-15
12.17	1.53E-15
12.18	1.53E-15
12.19	1.53E-15
12.2	1.53E-15
12.21	1.53E-15
12.22	1.53E-15
12.23	1.53E-15
12.24	1.53E-15
12.25	1.53E-15
12.26	1.53E-15
12.27	1.53E-15
12.28	1.52E-15
12.29	1.52E-15
12.3	1.52E-15
12.31	1.52E-15
12.32	1.52E-15
12.33	1.52E-15
12.34	1.52E-15
12.35	1.52E-15
12.36	1.52E-15
12.37	1.52E-15
12.38	1.52E-15
12.39	1.52E-15
12.4	1.52E-15
12.41	1.52E-15
12.42	1.52E-15
12.43	1.52E-15
12.44	1.52E-15
12.45	1.52E-15
12.46	1.52E-15
12.47	1.52E-15
12.48	1.52E-15
12.49	1.52E-15
12.5	1.52E-15
12.51	1.52E-15
12.52	1.52E-15
12.53	1.52E-15
12.54	1.52E-15
12.55	1.52E-15
12.56	1.52E-15
12.57	1.52E-15
12.58	1.52E-15
12.59	1.52E-15
12.6	1.52E-15
12.61	1.52E-15
12.62	1.52E-15
12.63	1.52E-15
12.64	1.52E-15
12.65	1.52E-15
12.66	1.52E-15
12.67	1.52E-15
12.68	1.52E-15
12.69	1.52E-15
12.7	1.52E-15
12.71	1.52E-15
12.72	1.52E-15
12.73	1.52E-15
12.74	1.52E-15
12.75	1.52E-15
12.76	1.52E-15
12.77	1.52E-15
12.78	1.52E-15
12.79	1.52E-15
12.8	1.52E-15
12.81	1.52E-15
12.82	1.52E-15
12.83	1.52E-15
12.84	1.52E-15
12.85	1.52E-15
12.86	1.52E-15
12.87	1.52E-15
12.88	1.52E-15
12.89	1.52E-15
12.9	1.52E-15
12.91	1.52E-15
12.92	1.52E-15
12.93	1.52E-15
12.94	1.52E-15
12.95	1.52E-15
12.96	1.52E-15
12.97	1.52E-15
12.98	1.52E-15
12.99	1.52E-15
13	1.52E-15
13.01	1.52E-15
13.02	1.52E-15
13.03	1.52E-15
13.04	1.52E-15
13.05	1.52E-15
13.06	1.52E-15
13.07	1.52E-15
13.08	1.52E-15
13.09	1.52E-15
13.1	1.52E-15
13.11	1.52E-15
13.12	1.52E-15
13.13	1.52E-15
13.14	1.52E-15
13.15	1.52E-15
13.16	1.52E-15
13.17	1.52E-15
13.18	1.52E-15
13.19	1.52E-15
13.2	1.52E-15
13.21	1.52E-15
13.22	1.52E-15
13.23	1.51E-15
13.24	1.51E-15
13.25	1.51E-15
13.26	1.51E-15
13.27	1.51E-15
13.28	1.51E-15
13.29	1.51E-15
13.3	1.51E-15
13.31	1.51E-15
13.32	1.51E-15
13.33	1.51E-15
13.34	1.51E-15
13.35	1.51E-15
13.36	1.51E-15
13.37	1.51E-15
13.38	1.51E-15
13.39	1.51E-15
13.4	1.51E-15
13.41	1.51E-15
13.42	1.51E-15
13.43	1.51E-15
13.44	1.51E-15
13.45	1.51E-15
13.46	1.51E-15
13.47	1.51E-15
13.48	1.51E-15
13.49	1.51E-15
13.5	1.51E-15
13.51	1.51E-15
13.52	1.51E-15
13.53	1.51E-15
13.54	1.51E-15
13.55	1.51E-15
13.56	1.51E-15
13.57	1.51E-15
13.58	1.51E-15
13.59	1.51E-15
13.6	1.51E-15
13.61	1.51E-15
13.62	1.51E-15
13.63	1.51E-15
13.64	1.51E-15
13.65	1.51E-15
13.66	1.51E-15
13.67	1.51E-15
13.68	1.51E-15
13.69	1.51E-15
13.7	1.51E-15
13.71	1.51E-15
13.72	1.51E-15
13.73	1.51E-15
13.74	1.51E-15
13.75	1.51E-15
13.76	1.51E-15
13.77	1.51E-15
13.78	1.51E-15
13.79	1.51E-15
13.8	1.51E-15
13.81	1.51E-15
13.82	1.50E-15
13.83	1.50E-15
13.84	1.50E-15
13.85	1.50E-15
13.86	1.50E-15
13.87	1.50E-15
13.88	1.50E-15
13.89	1.50E-15
13.9	1.50E-15
13.91	1.50E-15
13.92	1.50E-15
13.93	1.50E-15
13.94	1.50E-15
13.95	1.50E-15
13.96	1.50E-15
13.97	1.50E-15
13.98	1.50E-15
13.99	1.50E-15
14	1.50E-15
14.01	1.50E-15
14.02	1.50E-15
14.03	1.50E-15
14.04	1.50E-15
14.05	1.50E-15
14.06	1.50E-15
14.07	1.50E-15
14.08	1.50E-15
14.09	1.50E-15
14.1	1.50E-15
14.11	1.50E-15
14.12	1.50E-15
14.13	1.50E-15
14.14	1.50E-15
14.15	1.49E-15
14.16	1.49E-15
14.17	1.49E-15
14.18	1.49E-15
14.19	1.49E-15
14.2	1.49E-15
14.21	1.49E-15
14.22	1.49E-15
14.23	1.49E-15
14.24	1.49E-15
14.25	1.49E-15
14.26	1.49E-15
14.27	1.49E-15
14.28	1.49E-15
14.29	1.49E-15
14.3	1.49E-15
14.31	1.49E-15
14.32	1.49E-15
14.33	1.49E-15
14.34	1.49E-15
14.35	1.49E-15
14.36	1.49E-15
14.37	1.49E-15
14.38	1.49E-15
14.39	1.49E-15
14.4	1.48E-15
14.41	1.48E-15
14.42	1.48E-15
14.43	1.48E-15
14.44	1.48E-15
14.45	1.48E-15
14.46	1.48E-15
14.47	1.48E-15
14.48	1.48E-15
14.49	1.48E-15
14.5	1.48E-15
14.51	1.48E-15
14.52	1.48E-15
14.53	1.48E-15
14.54	1.48E-15
14.55	1.48E-15
14.56	1.48E-15
14.57	1.48E-15
14.58	1.48E-15
14.59	1.48E-15
14.6	1.48E-15
14.61	1.47E-15
14.62	1.47E-15
14.63	1.47E-15
14.64	1.47E-15
14.65	1.47E-15
14.66	1.47E-15
14.67	1.47E-15
14.68	1.47E-15
14.69	1.47E-15
14.7	1.47E-15
14.71	1.47E-15
14.72	1.47E-15
14.73	1.47E-15
14.74	1.47E-15
14.75	1.47E-15
14.76	1.47E-15
14.77	1.47E-15
14.78	1.47E-15
14.79	1.47E-15
14.8	1.47E-15
14.81	1.46E-15
14.82	1.46E-15
14.83	1.46E-15
14.84	1.46E-15
14.85	1.46E-15
14.86	1.46E-15
14.87	1.46E-15
14.88	1.46E-15
14.89	1.46E-15
14.9	1.46E-15
14.91	1.46E-15
14.92	1.46E-15
14.93	1.46E-15
14.94	1.46E-15
14.95	1.46E-15
14.96	1.46E-15
14.97	1.46E-15
14.98	1.45E-15
14.99	1.45E-15
15	1.45E-15
15.01	1.45E-15
15.02	1.45E-15
15.03	1.45E-15
15.04	1.45E-15
15.05	1.45E-15
15.06	1.45E-15
15.07	1.45E-15
15.08	1.45E-15
15.09	1.45E-15
15.1	1.45E-15
15.11	1.45E-15
15.12	1.45E-15
15.13	1.45E-15
15.14	1.45E-15
15.15	1.44E-15
15.16	1.44E-15
15.17	1.44E-15
15.18	1.44E-15
15.19	1.44E-15
15.2	1.44E-15
15.21	1.44E-15
15.22	1.44E-15
15.23	1.44E-15
15.24	1.44E-15
15.25	1.44E-15
15.26	1.44E-15
15.27	1.44E-15
15.28	1.44E-15
15.29	1.44E-15
15.3	1.44E-15
15.31	1.43E-15
15.32	1.43E-15
15.33	1.43E-15
15.34	1.43E-15
15.35	1.43E-15
15.36	1.43E-15
15.37	1.43E-15
15.38	1.43E-15
15.39	1.43E-15
15.4	1.43E-15
15.41	1.43E-15
15.42	1.43E-15
15.43	1.43E-15
15.44	1.43E-15
15.45	1.43E-15
15.46	1.43E-15
15.47	1.42E-15
15.48	1.42E-15
15.49	1.42E-15
15.5	1.42E-15
15.51	1.42E-15
15.52	1.42E-15
15.53	1.42E-15
15.54	1.42E-15
15.55	1.42E-15
15.56	1.42E-15
15.57	1.42E-15
15.58	1.42E-15
15.59	1.42E-15
15.6	1.42E-15
15.61	1.42E-15
15.62	1.41E-15
15.63	1.41E-15
15.64	1.41E-15
15.65	1.41E-15
15.66	1.41E-15
15.67	1.41E-15
15.68	1.41E-15
15.69	1.41E-15
15.7	1.41E-15
15.71	1.41E-15
15.72	1.41E-15
15.73	1.41E-15
15.74	1.41E-15
15.75	1.41E-15
15.76	1.41E-15
15.77	1.41E-15
15.78	1.40E-15
15.79	1.40E-15
15.8	1.40E-15
15.81	1.40E-15
15.82	1.40E-15
15.83	1.40E-15
15.84	1.40E-15
15.85	1.40E-15
15.86	1.40E-15
15.87	1.40E-15
15.88	1.40E-15
15.89	1.40E-15
15.9	1.40E-15
15.91	1.40E-15
15.92	1.40E-15
15.93	1.39E-15
15.94	1.39E-15
15.95	1.39E-15
15.96	1.39E-15
15.97	1.39E-15
15.98	1.39E-15
15.99	1.39E-15
16	1.39E-15
16.01	1.39E-15
16.02	1.39E-15
16.03	1.39E-15
16.04	1.39E-15
16.05	1.39E-15
16.06	1.39E-15
16.07	1.39E-15
16.08	1.38E-15
16.09	1.38E-15
16.1	1.38E-15
16.11	1.38E-15
16.12	1.38E-15
16.13	1.38E-15
16.14	1.38E-15
16.15	1.38E-15
16.16	1.38E-15
16.17	1.38E-15
16.18	1.38E-15
16.19	1.38E-15
16.2	1.38E-15
16.21	1.38E-15
16.22	1.38E-15
16.23	1.37E-15
16.24	1.37E-15
16.25	1.37E-15
16.26	1.37E-15
16.27	1.37E-15
16.28	1.37E-15
16.29	1.37E-15
16.3	1.37E-15
16.31	1.37E-15
16.32	1.37E-15
16.33	1.37E-15
16.34	1.37E-15
16.35	1.37E-15
16.36	1.37E-15
16.37	1.37E-15
16.38	1.37E-15
16.39	1.36E-15
16.4	1.36E-15
16.41	1.36E-15
16.42	1.36E-15
16.43	1.36E-15
16.44	1.36E-15
16.45	1.36E-15
16.46	1.36E-15
16.47	1.36E-15
16.48	1.36E-15
16.49	1.36E-15
16.5	1.36E-15
16.51	1.36E-15
16.52	1.36E-15
16.53	1.36E-15
16.54	1.35E-15
16.55	1.35E-15
16.56	1.35E-15
16.57	1.35E-15
16.58	1.35E-15
16.59	1.35E-15
16.6	1.35E-15
16.61	1.35E-15
16.62	1.35E-15
16.63	1.35E-15
16.64	1.35E-15
16.65	1.35E-15
16.66	1.35E-15
16.67	1.35E-15
16.68	1.35E-15
16.69	1.35E-15
16.7	1.34E-15
16.71	1.34E-15
16.72	1.34E-15
16.73	1.34E-15
16.74	1.34E-15
16.75	1.34E-15
16.76	1.34E-15
16.77	1.34E-15
16.78	1.34E-15
16.79	1.34E-15
16.8	1.34E-15
16.81	1.34E-15
16.82	1.34E-15
16.83	1.34E-15
16.84	1.34E-15
16.85	1.33E-15
16.86	1.33E-15
16.87	1.33E-15
16.88	1.33E-15
16.89	1.33E-15
16.9	1.33E-15
16.91	1.33E-15
16.92	1.33E-15
16.93	1.33E-15
16.94	1.33E-15
16.95	1.33E-15
16.96	1.33E-15
16.97	1.33E-15
16.98	1.33E-15
16.99	1.33E-15
17	1.33E-15
17.01	1.32E-15
17.02	1.32E-15
17.03	1.32E-15
17.04	1.32E-15
17.05	1.32E-15
17.06	1.32E-15
17.07	1.32E-15
17.08	1.32E-15
17.09	1.32E-15
17.1	1.32E-15
17.11	1.32E-15
17.12	1.32E-15
17.13	1.32E-15
17.14	1.32E-15
17.15	1.32E-15
17.16	1.32E-15
17.17	1.31E-15
17.18	1.31E-15
17.19	1.31E-15
17.2	1.31E-15
17.21	1.31E-15
17.22	1.31E-15
17.23	1.31E-15
17.24	1.31E-15
17.25	1.31E-15
17.26	1.31E-15
17.27	1.31E-15
17.28	1.31E-15
17.29	1.31E-15
17.3	1.31E-15
17.31	1.31E-15
17.32	1.30E-15
17.33	1.30E-15
17.34	1.30E-15
17.35	1.30E-15
17.36	1.30E-15
17.37	1.30E-15
17.38	1.30E-15
17.39	1.30E-15
17.4	1.30E-15
17.41	1.30E-15
17.42	1.30E-15
17.43	1.30E-15
17.44	1.30E-15
17.45	1.30E-15
17.46	1.30E-15
17.47	1.29E-15
17.48	1.29E-15
17.49	1.29E-15
17.5	1.29E-15
17.51	1.29E-15
17.52	1.29E-15
17.53	1.29E-15
17.54	1.29E-15
17.55	1.29E-15
17.56	1.29E-15
17.57	1.29E-15
17.58	1.29E-15
17.59	1.29E-15
17.6	1.29E-15
17.61	1.29E-15
17.62	1.29E-15
17.63	1.28E-15
17.64	1.28E-15
17.65	1.28E-15
17.66	1.28E-15
17.67	1.28E-15
17.68	1.28E-15
17.69	1.28E-15
17.7	1.28E-15
17.71	1.28E-15
17.72	1.28E-15
17.73	1.28E-15
17.74	1.28E-15
17.75	1.28E-15
17.76	1.28E-15
17.77	1.28E-15
17.78	1.27E-15
17.79	1.27E-15
17.8	1.27E-15
17.81	1.27E-15
17.82	1.27E-15
17.83	1.27E-15
17.84	1.27E-15
17.85	1.27E-15
17.86	1.27E-15
17.87	1.27E-15
17.88	1.27E-15
17.89	1.27E-15
17.9	1.27E-15
17.91	1.27E-15
17.92	1.27E-15
17.93	1.26E-15
17.94	1.26E-15
17.95	1.26E-15
17.96	1.26E-15
17.97	1.26E-15
17.98	1.26E-15
17.99	1.26E-15
18	1.26E-15
18.01	1.26E-15
18.02	1.26E-15
18.03	1.26E-15
18.04	1.26E-15
18.05	1.26E-15
18.06	1.26E-15
18.07	1.26E-15
18.08	1.25E-15
18.09	1.25E-15
18.1	1.25E-15
18.11	1.25E-15
18.12	1.25E-15
18.13	1.25E-15
18.14	1.25E-15
18.15	1.25E-15
18.16	1.25E-15
18.17	1.25E-15
18.18	1.25E-15
18.19	1.25E-15
18.2	1.25E-15
18.21	1.25E-15
18.22	1.25E-15
18.23	1.24E-15
18.24	1.24E-15
18.25	1.24E-15
18.26	1.24E-15
18.27	1.24E-15
18.28	1.24E-15
18.29	1.24E-15
18.3	1.24E-15
18.31	1.24E-15
18.32	1.24E-15
18.33	1.24E-15
18.34	1.24E-15
18.35	1.24E-15
18.36	1.24E-15
18.37	1.24E-15
18.38	1.23E-15
18.39	1.23E-15
18.4	1.23E-15
18.41	1.23E-15
18.42	1.23E-15
18.43	1.23E-15
18.44	1.23E-15
18.45	1.23E-15
18.46	1.23E-15
18.47	1.23E-15
18.48	1.23E-15
18.49	1.23E-15
18.5	1.23E-15
18.51	1.23E-15
18.52	1.23E-15
18.53	1.22E-15
18.54	1.22E-15
18.55	1.22E-15
18.56	1.22E-15
18.57	1.22E-15
18.58	1.22E-15
18.59	1.22E-15
18.6	1.22E-15
18.61	1.22E-15
18.62	1.22E-15
18.63	1.22E-15
18.64	1.22E-15
18.65	1.22E-15
18.66	1.22E-15
18.67	1.22E-15
18.68	1.21E-15
18.69	1.21E-15
18.7	1.21E-15
18.71	1.21E-15
18.72	1.21E-15
18.73	1.21E-15
18.74	1.21E-15
18.75	1.21E-15
18.76	1.21E-15
18.77	1.21E-15
18.78	1.21E-15
18.79	1.21E-15
18.8	1.21E-15
18.81	1.21E-15
18.82	1.21E-15
18.83	1.21E-15
18.84	1.20E-15
18.85	1.20E-15
18.86	1.20E-15
18.87	1.20E-15
18.88	1.20E-15
18.89	1.20E-15
18.9	1.20E-15
18.91	1.20E-15
18.92	1.20E-15
18.93	1.20E-15
18.94	1.20E-15
18.95	1.20E-15
18.96	1.20E-15
18.97	1.20E-15
18.98	1.20E-15
18.99	1.20E-15
19	1.19E-15
19.01	1.19E-15
19.02	1.19E-15
19.03	1.19E-15
19.04	1.19E-15
19.05	1.19E-15
19.06	1.19E-15
19.07	1.19E-15
19.08	1.19E-15
19.09	1.19E-15
19.1	1.19E-15
19.11	1.19E-15
19.12	1.19E-15
19.13	1.19E-15
19.14	1.19E-15
19.15	1.19E-15
19.16	1.19E-15
19.17	1.19E-15
19.18	1.18E-15
19.19	1.18E-15
19.2	1.18E-15
19.21	1.18E-15
19.22	1.18E-15
19.23	1.18E-15
19.24	1.18E-15
19.25	1.18E-15
19.26	1.18E-15
19.27	1.18E-15
19.28	1.18E-15
19.29	1.18E-15
19.3	1.18E-15
19.31	1.18E-15
19.32	1.18E-15
19.33	1.18E-15
19.34	1.18E-15
19.35	1.18E-15
19.36	1.18E-15
19.37	1.17E-15
19.38	1.17E-15
19.39	1.17E-15
19.4	1.17E-15
19.41	1.17E-15
19.42	1.17E-15
19.43	1.17E-15
19.44	1.17E-15
19.45	1.17E-15
19.46	1.17E-15
19.47	1.17E-15
19.48	1.17E-15
19.49	1.17E-15
19.5	1.17E-15
19.51	1.17E-15
19.52	1.17E-15
19.53	1.17E-15
19.54	1.17E-15
19.55	1.17E-15
19.56	1.17E-15
19.57	1.17E-15
19.58	1.16E-15
19.59	1.16E-15
19.6	1.16E-15
19.61	1.16E-15
19.62	1.16E-15
19.63	1.16E-15
19.64	1.16E-15
19.65	1.16E-15
19.66	1.16E-15
19.67	1.16E-15
19.68	1.16E-15
19.69	1.16E-15
19.7	1.16E-15
19.71	1.16E-15
19.72	1.16E-15
19.73	1.16E-15
19.74	1.16E-15
19.75	1.16E-15
19.76	1.16E-15
19.77	1.16E-15
19.78	1.16E-15
19.79	1.16E-15
19.8	1.16E-15
19.81	1.16E-15
19.82	1.16E-15
19.83	1.16E-15
19.84	1.15E-15
19.85	1.15E-15
19.86	1.15E-15
19.87	1.15E-15
19.88	1.15E-15
19.89	1.15E-15
19.9	1.15E-15
19.91	1.15E-15
19.92	1.15E-15
19.93	1.15E-15
19.94	1.15E-15
19.95	1.15E-15
19.96	1.15E-15
19.97	1.15E-15
19.98	1.15E-15
19.99	1.15E-15
20	1.15E-15

