//1	2	1	1	0	0	0	0
//Energy[eV]	XS[cm2]
0.00	5.64E-16
0.01	5.64E-16
0.02	5.64E-16
0.04	5.64E-16
0.06	5.64E-16
0.08	5.64E-16
0.1	5.64E-16
0.12	5.64E-16
0.14	5.64E-16
0.16	5.64E-16
0.18	5.64E-16
0.2	5.64E-16
0.22	5.64E-16
0.24	5.64E-16
0.26	5.64E-16
0.28	5.64E-16
0.3	5.64E-16
0.32	5.64E-16
0.34	5.64E-16
0.36	5.64E-16
0.38	5.64E-16
0.4	5.64E-16
0.42	5.64E-16
0.44	5.64E-16
0.46	5.64E-16
0.48	5.64E-16
0.5	5.64E-16
0.52	5.64E-16
0.54	5.64E-16
0.56	5.64E-16
0.58	5.64E-16
0.6	5.64E-16
0.62	5.64E-16
0.64	5.64E-16
0.66	5.64E-16
0.68	5.64E-16
0.7	5.64E-16
0.72	5.64E-16
0.74	5.64E-16
0.76	5.64E-16
0.78	5.64E-16
0.8	5.64E-16
0.82	5.64E-16
0.84	5.64001E-16
0.86	5.64001E-16
0.88	5.64001E-16
0.9	5.64E-16
0.92	5.63999E-16
0.94	5.63998E-16
0.96	5.63997E-16
0.98	5.63998E-16
1	5.64E-16
1.02	5.64005E-16
1.04	5.64012E-16
1.06	5.6402E-16
1.08	5.64031E-16
1.1	5.64042E-16
1.12	5.64054E-16
1.14	5.64067E-16
1.16	5.6408E-16
1.18	5.64092E-16
1.2	5.64104E-16
1.22	5.64116E-16
1.24	5.64126E-16
1.26	5.64134E-16
1.28	5.64141E-16
1.3	5.64146E-16
1.32	5.64148E-16
1.34	5.64147E-16
1.36	5.64143E-16
1.38	5.64136E-16
1.4	5.64125E-16
1.42	5.6411E-16
1.44	5.6409E-16
1.46	5.64065E-16
1.48	5.64035E-16
1.5	5.64E-16
1.52	5.63959E-16
1.54	5.63914E-16
1.56	5.63864E-16
1.58	5.63812E-16
1.6	5.63759E-16
1.62	5.63705E-16
1.64	5.63651E-16
1.66	5.636E-16
1.68	5.63551E-16
1.7	5.63505E-16
1.72	5.63465E-16
1.74	5.6343E-16
1.76	5.63403E-16
1.78	5.63383E-16
1.8	5.63372E-16
1.82	5.63372E-16
1.84	5.63383E-16
1.86	5.63406E-16
1.88	5.63442E-16
1.9	5.63493E-16
1.92	5.63559E-16
1.94	5.63642E-16
1.96	5.63742E-16
1.98	5.63861E-16
2	5.64E-16
2.02	5.64159E-16
2.04	5.64337E-16
2.06	5.64533E-16
2.08	5.64745E-16
2.1	5.64971E-16
2.12	5.6521E-16
2.14	5.6546E-16
2.16	5.65719E-16
2.18	5.65987E-16
2.2	5.66261E-16
2.22	5.66539E-16
2.24	5.66821E-16
2.26	5.67105E-16
2.28	5.67388E-16
2.3	5.67669E-16
2.32	5.67947E-16
2.34	5.68221E-16
2.36	5.68488E-16
2.38	5.68746E-16
2.4	5.68995E-16
2.42	5.69233E-16
2.44	5.69458E-16
2.46	5.69668E-16
2.48	5.69863E-16
2.5	5.70039E-16
2.52	5.70196E-16
2.54	5.70333E-16
2.56	5.70446E-16
2.58	5.70536E-16
2.6	5.706E-16
2.62	5.70636E-16
2.64	5.70644E-16
2.66	5.70621E-16
2.68	5.70565E-16
2.7	5.70477E-16
2.72	5.70352E-16
2.74	5.70191E-16
2.76	5.69991E-16
2.78	5.69751E-16
2.8	5.69469E-16
2.82	5.69144E-16
2.84	5.68774E-16
2.86	5.68357E-16
2.88	5.67892E-16
2.9	5.67377E-16
2.92	5.66811E-16
2.94	5.66192E-16
2.96	5.65518E-16
2.98	5.64788E-16
3	5.64E-16
3.02	5.63154E-16
3.04	5.62257E-16
3.06	5.61314E-16
3.08	5.60335E-16
3.1	5.59327E-16
3.12	5.58297E-16
3.14	5.57253E-16
3.16	5.56202E-16
3.18	5.55151E-16
3.2	5.54109E-16
3.22	5.53083E-16
3.24	5.5208E-16
3.26	5.51107E-16
3.28	5.50173E-16
3.3	5.49285E-16
3.32	5.48451E-16
3.34	5.47677E-16
3.36	5.46972E-16
3.38	5.46343E-16
3.4	5.45797E-16
3.42	5.45342E-16
3.44	5.44986E-16
3.46	5.44736E-16
3.48	5.446E-16
3.5	5.44584E-16
3.52	5.44697E-16
3.54	5.44947E-16
3.56	5.4534E-16
3.58	5.45884E-16
3.6	5.46587E-16
3.62	5.47456E-16
3.64	5.48499E-16
3.66	5.49723E-16
3.68	5.51136E-16
3.7	5.52745E-16
3.72	5.54558E-16
3.74	5.56583E-16
3.76	5.58826E-16
3.78	5.61296E-16
3.8	5.64E-16
3.82	5.6694E-16
3.84	5.70095E-16
3.86	5.7344E-16
3.88	5.76949E-16
3.9	5.80596E-16
3.92	5.84356E-16
3.94	5.88202E-16
3.96	5.92108E-16
3.98	5.9605E-16
4	6E-16
4.02	6.03938E-16
4.04	6.07859E-16
4.06	6.11764E-16
4.08	6.15653E-16
4.1	6.19527E-16
4.12	6.23385E-16
4.14	6.27229E-16
4.16	6.31058E-16
4.18	6.34872E-16
4.2	6.38673E-16
4.22	6.4246E-16
4.24	6.46234E-16
4.26	6.49995E-16
4.28	6.53743E-16
4.3	6.57479E-16
4.32	6.61203E-16
4.34	6.64915E-16
4.36	6.68616E-16
4.38	6.72306E-16
4.4	6.75985E-16
4.42	6.79654E-16
4.44	6.83312E-16
4.46	6.86961E-16
4.48	6.90601E-16
4.5	6.94232E-16
4.52	6.97853E-16
4.54	7.01467E-16
4.56	7.05072E-16
4.58	7.0867E-16
4.6	7.1226E-16
4.62	7.15843E-16
4.64	7.19419E-16
4.66	7.22989E-16
4.68	7.26552E-16
4.7	7.3011E-16
4.72	7.33662E-16
4.74	7.3721E-16
4.76	7.40752E-16
4.78	7.4429E-16
4.8	7.47823E-16
4.82	7.51353E-16
4.84	7.54879E-16
4.86	7.58402E-16
4.88	7.61922E-16
4.9	7.6544E-16
4.92	7.68955E-16
4.94	7.72468E-16
4.96	7.7598E-16
4.98	7.7949E-16
5	7.83E-16
5.02	7.86509E-16
5.04	7.90017E-16
5.06	7.93525E-16
5.08	7.97032E-16
5.1	8.00538E-16
5.12	8.04044E-16
5.14	8.0755E-16
5.16	8.11055E-16
5.18	8.14559E-16
5.2	8.18063E-16
5.22	8.21567E-16
5.24	8.2507E-16
5.26	8.28573E-16
5.28	8.32075E-16
5.3	8.35577E-16
5.32	8.39078E-16
5.34	8.42579E-16
5.36	8.4608E-16
5.38	8.4958E-16
5.4	8.5308E-16
5.42	8.5658E-16
5.44	8.60079E-16
5.46	8.63578E-16
5.48	8.67077E-16
5.5	8.70575E-16
5.52	8.74074E-16
5.54	8.77572E-16
5.56	8.8107E-16
5.58	8.84567E-16
5.6	8.88065E-16
5.62	8.91562E-16
5.64	8.95059E-16
5.66	8.98556E-16
5.68	9.02053E-16
5.7	9.0555E-16
5.72	9.09047E-16
5.74	9.12544E-16
5.76	9.1604E-16
5.78	9.19537E-16
5.8	9.23033E-16
5.82	9.2653E-16
5.84	9.30026E-16
5.86	9.33523E-16
5.88	9.37019E-16
5.9	9.40516E-16
5.92	9.44013E-16
5.94	9.47509E-16
5.96	9.51006E-16
5.98	9.54503E-16
6	9.58E-16
6.02	9.61497E-16
6.04	9.64995E-16
6.06	9.68493E-16
6.08	9.71993E-16
6.1	9.75494E-16
6.12	9.78997E-16
6.14	9.82502E-16
6.16	9.8601E-16
6.18	9.8952E-16
6.2	9.93034E-16
6.22	9.96551E-16
6.24	1.00007E-15
6.26	1.0036E-15
6.28	1.00713E-15
6.3	1.01066E-15
6.32	1.0142E-15
6.34	1.01774E-15
6.36	1.0213E-15
6.38	1.02485E-15
6.4	1.02842E-15
6.42	1.03199E-15
6.44	1.03556E-15
6.46	1.03915E-15
6.48	1.04274E-15
6.5	1.04634E-15
6.52	1.04995E-15
6.54	1.05357E-15
6.56	1.0572E-15
6.58	1.06083E-15
6.6	1.06448E-15
6.62	1.06814E-15
6.64	1.07181E-15
6.66	1.07548E-15
6.68	1.07917E-15
6.7	1.08287E-15
6.72	1.08659E-15
6.74	1.09031E-15
6.76	1.09405E-15
6.78	1.0978E-15
6.8	1.10156E-15
6.82	1.10534E-15
6.84	1.10913E-15
6.86	1.11294E-15
6.88	1.11676E-15
6.9	1.12059E-15
6.92	1.12444E-15
6.94	1.12831E-15
6.96	1.13219E-15
6.98	1.13609E-15
7	1.14E-15
7.02	1.14393E-15
7.04	1.14788E-15
7.06	1.15184E-15
7.08	1.15581E-15
7.1	1.1598E-15
7.12	1.16379E-15
7.14	1.1678E-15
7.16	1.17181E-15
7.18	1.17583E-15
7.2	1.17985E-15
7.22	1.18388E-15
7.24	1.18791E-15
7.26	1.19194E-15
7.28	1.19597E-15
7.3	1.2E-15
7.32	1.20403E-15
7.34	1.20805E-15
7.36	1.21207E-15
7.38	1.21608E-15
7.4	1.22008E-15
7.42	1.22408E-15
7.44	1.22806E-15
7.46	1.23203E-15
7.48	1.23599E-15
7.5	1.23993E-15
7.52	1.24386E-15
7.54	1.24777E-15
7.56	1.25166E-15
7.58	1.25554E-15
7.6	1.25939E-15
7.62	1.26322E-15
7.64	1.26702E-15
7.66	1.2708E-15
7.68	1.27456E-15
7.7	1.27829E-15
7.72	1.28198E-15
7.74	1.28565E-15
7.76	1.28929E-15
7.78	1.29289E-15
7.8	1.29646E-15
7.82	1.3E-15
7.84	1.3035E-15
7.86	1.30696E-15
7.88	1.31038E-15
7.9	1.31376E-15
7.92	1.31709E-15
7.94	1.32039E-15
7.96	1.32364E-15
7.98	1.32684E-15
8	1.33E-15
8.02	1.33311E-15
8.04	1.33617E-15
8.06	1.33918E-15
8.08	1.34215E-15
8.1	1.34507E-15
8.12	1.34795E-15
8.14	1.35078E-15
8.16	1.35357E-15
8.18	1.35631E-15
8.2	1.35901E-15
8.22	1.36166E-15
8.24	1.36428E-15
8.26	1.36685E-15
8.28	1.36939E-15
8.3	1.37188E-15
8.32	1.37433E-15
8.34	1.37674E-15
8.36	1.37912E-15
8.38	1.38146E-15
8.4	1.38376E-15
8.42	1.38602E-15
8.44	1.38825E-15
8.46	1.39044E-15
8.48	1.3926E-15
8.5	1.39472E-15
8.52	1.39681E-15
8.54	1.39886E-15
8.56	1.40089E-15
8.58	1.40288E-15
8.6	1.40484E-15
8.62	1.40677E-15
8.64	1.40866E-15
8.66	1.41053E-15
8.68	1.41237E-15
8.7	1.41418E-15
8.72	1.41597E-15
8.74	1.41772E-15
8.76	1.41945E-15
8.78	1.42115E-15
8.8	1.42283E-15
8.82	1.42448E-15
8.84	1.42611E-15
8.86	1.42772E-15
8.88	1.4293E-15
8.9	1.43086E-15
8.92	1.43239E-15
8.94	1.43391E-15
8.96	1.4354E-15
8.98	1.43688E-15
9	1.43833E-15
9.02	1.43976E-15
9.04	1.44118E-15
9.06	1.44258E-15
9.08	1.44396E-15
9.1	1.44533E-15
9.12	1.44667E-15
9.14	1.44801E-15
9.16	1.44932E-15
9.18	1.45063E-15
9.2	1.45192E-15
9.22	1.45319E-15
9.24	1.45446E-15
9.26	1.45571E-15
9.28	1.45695E-15
9.3	1.45818E-15
9.32	1.4594E-15
9.34	1.46061E-15
9.36	1.46181E-15
9.38	1.463E-15
9.4	1.46418E-15
9.42	1.46536E-15
9.44	1.46653E-15
9.46	1.46769E-15
9.48	1.46885E-15
9.5	1.47E-15
9.52	1.47115E-15
9.54	1.47229E-15
9.56	1.47343E-15
9.58	1.47456E-15
9.6	1.47569E-15
9.62	1.47682E-15
9.64	1.47794E-15
9.66	1.47905E-15
9.68	1.48016E-15
9.7	1.48127E-15
9.72	1.48236E-15
9.74	1.48346E-15
9.76	1.48454E-15
9.78	1.48563E-15
9.8	1.4867E-15
9.82	1.48777E-15
9.84	1.48884E-15
9.86	1.4899E-15
9.88	1.49095E-15
9.9	1.49199E-15
9.92	1.49303E-15
9.94	1.49407E-15
9.96	1.49509E-15
9.98	1.49611E-15
10	1.49713E-15
10.02	1.49813E-15
10.04	1.49913E-15
10.06	1.50012E-15
10.08	1.50111E-15
10.1	1.50209E-15
10.12	1.50306E-15
10.14	1.50402E-15
10.16	1.50498E-15
10.18	1.50593E-15
10.2	1.50687E-15
10.22	1.5078E-15
10.24	1.50873E-15
10.26	1.50964E-15
10.28	1.51055E-15
10.3	1.51146E-15
10.32	1.51235E-15
10.34	1.51323E-15
10.36	1.51411E-15
10.38	1.51498E-15
10.4	1.51584E-15
10.42	1.51669E-15
10.44	1.51753E-15
10.46	1.51836E-15
10.48	1.51919E-15
10.5	1.52E-15
10.52	1.52081E-15
10.54	1.5216E-15
10.56	1.52239E-15
10.58	1.52316E-15
10.6	1.52393E-15
10.62	1.52468E-15
10.64	1.52542E-15
10.66	1.52615E-15
10.68	1.52687E-15
10.7	1.52757E-15
10.72	1.52826E-15
10.74	1.52894E-15
10.76	1.5296E-15
10.78	1.53024E-15
10.8	1.53088E-15
10.82	1.53149E-15
10.84	1.53209E-15
10.86	1.53267E-15
10.88	1.53324E-15
10.9	1.53379E-15
10.92	1.53432E-15
10.94	1.53483E-15
10.96	1.53533E-15
10.98	1.5358E-15
11	1.53626E-15
11.02	1.53669E-15
11.04	1.53711E-15
11.06	1.5375E-15
11.08	1.53787E-15
11.1	1.53822E-15
11.12	1.53855E-15
11.14	1.53886E-15
11.16	1.53914E-15
11.18	1.5394E-15
11.2	1.53964E-15
11.22	1.53985E-15
11.24	1.54003E-15
11.26	1.54019E-15
11.28	1.54033E-15
11.3	1.54044E-15
11.32	1.54052E-15
11.34	1.54058E-15
11.36	1.54061E-15
11.38	1.54061E-15
11.4	1.54058E-15
11.42	1.54052E-15
11.44	1.54044E-15
11.46	1.54032E-15
11.48	1.54018E-15
11.5	1.54E-15
11.52	1.53979E-15
11.54	1.53956E-15
11.56	1.5393E-15
11.58	1.53901E-15
11.6	1.53869E-15
11.62	1.53836E-15
11.64	1.538E-15
11.66	1.53763E-15
11.68	1.53724E-15
11.7	1.53683E-15
11.72	1.53641E-15
11.74	1.53597E-15
11.76	1.53553E-15
11.78	1.53508E-15
11.8	1.53462E-15
11.82	1.53415E-15
11.84	1.53368E-15
11.86	1.53321E-15
11.88	1.53274E-15
11.9	1.53227E-15
11.92	1.5318E-15
11.94	1.53134E-15
11.96	1.53089E-15
11.98	1.53044E-15
12	1.53E-15
12.02	1.52957E-15
12.04	1.52916E-15
12.06	1.52875E-15
12.08	1.52836E-15
12.1	1.52798E-15
12.12	1.52761E-15
12.14	1.52724E-15
12.16	1.52689E-15
12.18	1.52655E-15
12.2	1.52621E-15
12.22	1.52589E-15
12.24	1.52557E-15
12.26	1.52526E-15
12.28	1.52496E-15
12.3	1.52467E-15
12.32	1.52438E-15
12.34	1.5241E-15
12.36	1.52383E-15
12.38	1.52357E-15
12.4	1.52331E-15
12.42	1.52306E-15
12.44	1.52282E-15
12.46	1.52258E-15
12.48	1.52234E-15
12.5	1.52211E-15
12.52	1.52189E-15
12.54	1.52167E-15
12.56	1.52145E-15
12.58	1.52124E-15
12.6	1.52103E-15
12.62	1.52083E-15
12.64	1.52063E-15
12.66	1.52043E-15
12.68	1.52024E-15
12.7	1.52004E-15
12.72	1.51985E-15
12.74	1.51967E-15
12.76	1.51948E-15
12.78	1.51929E-15
12.8	1.51911E-15
12.82	1.51893E-15
12.84	1.51874E-15
12.86	1.51856E-15
12.88	1.51838E-15
12.9	1.5182E-15
12.92	1.51801E-15
12.94	1.51783E-15
12.96	1.51765E-15
12.98	1.51746E-15
13	1.51727E-15
13.02	1.51708E-15
13.04	1.51689E-15
13.06	1.5167E-15
13.08	1.5165E-15
13.1	1.5163E-15
13.12	1.5161E-15
13.14	1.51589E-15
13.16	1.51568E-15
13.18	1.51547E-15
13.2	1.51525E-15
13.22	1.51503E-15
13.24	1.5148E-15
13.26	1.51457E-15
13.28	1.51433E-15
13.3	1.51409E-15
13.32	1.51384E-15
13.34	1.51359E-15
13.36	1.51333E-15
13.38	1.51306E-15
13.4	1.51278E-15
13.42	1.5125E-15
13.44	1.51221E-15
13.46	1.51191E-15
13.48	1.51161E-15
13.5	1.5113E-15
13.52	1.51097E-15
13.54	1.51064E-15
13.56	1.5103E-15
13.58	1.50995E-15
13.6	1.5096E-15
13.62	1.50923E-15
13.64	1.50885E-15
13.66	1.50846E-15
13.68	1.50806E-15
13.7	1.50765E-15
13.72	1.50723E-15
13.74	1.5068E-15
13.76	1.50635E-15
13.78	1.50589E-15
13.8	1.50542E-15
13.82	1.50494E-15
13.84	1.50445E-15
13.86	1.50394E-15
13.88	1.50342E-15
13.9	1.50289E-15
13.92	1.50234E-15
13.94	1.50177E-15
13.96	1.5012E-15
13.98	1.50061E-15
14	1.5E-15
14.02	1.49938E-15
14.04	1.49874E-15
14.06	1.49809E-15
14.08	1.49742E-15
14.1	1.49674E-15
14.12	1.49605E-15
14.14	1.49534E-15
14.16	1.49462E-15
14.18	1.49388E-15
14.2	1.49313E-15
14.22	1.49236E-15
14.24	1.49158E-15
14.26	1.49079E-15
14.28	1.48999E-15
14.3	1.48917E-15
14.32	1.48834E-15
14.34	1.4875E-15
14.36	1.48664E-15
14.38	1.48578E-15
14.4	1.4849E-15
14.42	1.48401E-15
14.44	1.4831E-15
14.46	1.48219E-15
14.48	1.48126E-15
14.5	1.48033E-15
14.52	1.47938E-15
14.54	1.47842E-15
14.56	1.47745E-15
14.58	1.47647E-15
14.6	1.47548E-15
14.62	1.47448E-15
14.64	1.47347E-15
14.66	1.47244E-15
14.68	1.47141E-15
14.7	1.47037E-15
14.72	1.46932E-15
14.74	1.46826E-15
14.76	1.4672E-15
14.78	1.46612E-15
14.8	1.46503E-15
14.82	1.46394E-15
14.84	1.46283E-15
14.86	1.46172E-15
14.88	1.4606E-15
14.9	1.45947E-15
14.92	1.45834E-15
14.94	1.4572E-15
14.96	1.45605E-15
14.98	1.45489E-15
15	1.45372E-15
15.02	1.45255E-15
15.04	1.45137E-15
15.06	1.45019E-15
15.08	1.44899E-15
15.1	1.4478E-15
15.12	1.44659E-15
15.14	1.44538E-15
15.16	1.44417E-15
15.18	1.44294E-15
15.2	1.44172E-15
15.22	1.44048E-15
15.24	1.43925E-15
15.26	1.438E-15
15.28	1.43675E-15
15.3	1.4355E-15
15.32	1.43425E-15
15.34	1.43298E-15
15.36	1.43172E-15
15.38	1.43045E-15
15.4	1.42918E-15
15.42	1.4279E-15
15.44	1.42662E-15
15.46	1.42533E-15
15.48	1.42405E-15
15.5	1.42276E-15
15.52	1.42146E-15
15.54	1.42017E-15
15.56	1.41887E-15
15.58	1.41757E-15
15.6	1.41627E-15
15.62	1.41496E-15
15.64	1.41365E-15
15.66	1.41235E-15
15.68	1.41104E-15
15.7	1.40972E-15
15.72	1.40841E-15
15.74	1.4071E-15
15.76	1.40578E-15
15.78	1.40447E-15
15.8	1.40315E-15
15.82	1.40184E-15
15.84	1.40052E-15
15.86	1.3992E-15
15.88	1.39789E-15
15.9	1.39657E-15
15.92	1.39526E-15
15.94	1.39394E-15
15.96	1.39263E-15
15.98	1.39131E-15
16	1.39E-15
16.02	1.38869E-15
16.04	1.38738E-15
16.06	1.38607E-15
16.08	1.38476E-15
16.1	1.38346E-15
16.12	1.38215E-15
16.14	1.38085E-15
16.16	1.37954E-15
16.18	1.37824E-15
16.2	1.37694E-15
16.22	1.37564E-15
16.24	1.37434E-15
16.26	1.37304E-15
16.28	1.37174E-15
16.3	1.37045E-15
16.32	1.36915E-15
16.34	1.36785E-15
16.36	1.36656E-15
16.38	1.36527E-15
16.4	1.36397E-15
16.42	1.36268E-15
16.44	1.36139E-15
16.46	1.3601E-15
16.48	1.35881E-15
16.5	1.35752E-15
16.52	1.35623E-15
16.54	1.35494E-15
16.56	1.35365E-15
16.58	1.35236E-15
16.6	1.35107E-15
16.62	1.34978E-15
16.64	1.3485E-15
16.66	1.34721E-15
16.68	1.34592E-15
16.7	1.34463E-15
16.72	1.34335E-15
16.74	1.34206E-15
16.76	1.34077E-15
16.78	1.33949E-15
16.8	1.3382E-15
16.82	1.33692E-15
16.84	1.33563E-15
16.86	1.33434E-15
16.88	1.33306E-15
16.9	1.33177E-15
16.92	1.33048E-15
16.94	1.3292E-15
16.96	1.32791E-15
16.98	1.32662E-15
17	1.32534E-15
17.02	1.32405E-15
17.04	1.32276E-15
17.06	1.32147E-15
17.08	1.32019E-15
17.1	1.3189E-15
17.12	1.31761E-15
17.14	1.31632E-15
17.16	1.31503E-15
17.18	1.31374E-15
17.2	1.31244E-15
17.22	1.31115E-15
17.24	1.30986E-15
17.26	1.30857E-15
17.28	1.30727E-15
17.3	1.30598E-15
17.32	1.30468E-15
17.34	1.30339E-15
17.36	1.30209E-15
17.38	1.30079E-15
17.4	1.2995E-15
17.42	1.2982E-15
17.44	1.2969E-15
17.46	1.2956E-15
17.48	1.29429E-15
17.5	1.29299E-15
17.52	1.29169E-15
17.54	1.29038E-15
17.56	1.28907E-15
17.58	1.28777E-15
17.6	1.28646E-15
17.62	1.28515E-15
17.64	1.28384E-15
17.66	1.28253E-15
17.68	1.28121E-15
17.7	1.2799E-15
17.72	1.27858E-15
17.74	1.27726E-15
17.76	1.27595E-15
17.78	1.27463E-15
17.8	1.2733E-15
17.82	1.27198E-15
17.84	1.27066E-15
17.86	1.26933E-15
17.88	1.268E-15
17.9	1.26667E-15
17.92	1.26534E-15
17.94	1.26401E-15
17.96	1.26267E-15
17.98	1.26134E-15
18	1.26E-15
18.02	1.25866E-15
18.04	1.25732E-15
18.06	1.25598E-15
18.08	1.25463E-15
18.1	1.25329E-15
18.12	1.25194E-15
18.14	1.2506E-15
18.16	1.24925E-15
18.18	1.2479E-15
18.2	1.24656E-15
18.22	1.24521E-15
18.24	1.24386E-15
18.26	1.24252E-15
18.28	1.24117E-15
18.3	1.23983E-15
18.32	1.23849E-15
18.34	1.23714E-15
18.36	1.2358E-15
18.38	1.23447E-15
18.4	1.23313E-15
18.42	1.2318E-15
18.44	1.23046E-15
18.46	1.22913E-15
18.48	1.22781E-15
18.5	1.22648E-15
18.52	1.22516E-15
18.54	1.22385E-15
18.56	1.22253E-15
18.58	1.22122E-15
18.6	1.21992E-15
18.62	1.21862E-15
18.64	1.21732E-15
18.66	1.21603E-15
18.68	1.21474E-15
18.7	1.21346E-15
18.72	1.21218E-15
18.74	1.2109E-15
18.76	1.20964E-15
18.78	1.20838E-15
18.8	1.20712E-15
18.82	1.20587E-15
18.84	1.20463E-15
18.86	1.20339E-15
18.88	1.20216E-15
18.9	1.20094E-15
18.92	1.19972E-15
18.94	1.19851E-15
18.96	1.19731E-15
18.98	1.19612E-15
19	1.19493E-15
19.02	1.19375E-15
19.04	1.19258E-15
19.06	1.19142E-15
19.08	1.19027E-15
19.1	1.18912E-15
19.12	1.18799E-15
19.14	1.18686E-15
19.16	1.18575E-15
19.18	1.18464E-15
19.2	1.18354E-15
19.22	1.18246E-15
19.24	1.18138E-15
19.26	1.18032E-15
19.28	1.17926E-15
19.3	1.17822E-15
19.32	1.17718E-15
19.34	1.17616E-15
19.36	1.17515E-15
19.38	1.17415E-15
19.4	1.17316E-15
19.42	1.17219E-15
19.44	1.17122E-15
19.46	1.17027E-15
19.48	1.16933E-15
19.5	1.16841E-15
19.52	1.1675E-15
19.54	1.1666E-15
19.56	1.16571E-15
19.58	1.16484E-15
19.6	1.16398E-15
19.62	1.16313E-15
19.64	1.1623E-15
19.66	1.16149E-15
19.68	1.16069E-15
19.7	1.1599E-15
19.72	1.15913E-15
19.74	1.15837E-15
19.76	1.15763E-15
19.78	1.1569E-15
19.8	1.15619E-15
19.82	1.1555E-15
19.84	1.15482E-15
19.86	1.15416E-15
19.88	1.15351E-15
19.9	1.15289E-15
19.92	1.15227E-15
19.94	1.15168E-15
19.96	1.1511E-15
19.98	1.15054E-15
20	1.15E-15
20.02	1.14948E-15
20.04	1.14897E-15
20.06	1.14848E-15
20.08	1.14801E-15
20.1	1.14755E-15
20.12	1.14712E-15
20.14	1.14669E-15
20.16	1.14629E-15
20.18	1.1459E-15
20.2	1.14553E-15
20.22	1.14517E-15
20.24	1.14483E-15
20.26	1.1445E-15
20.28	1.14419E-15
20.3	1.1439E-15
20.32	1.14361E-15
20.34	1.14335E-15
20.36	1.14309E-15
20.38	1.14285E-15
20.4	1.14263E-15
20.42	1.14242E-15
20.44	1.14222E-15
20.46	1.14203E-15
20.48	1.14186E-15
20.5	1.1417E-15
20.52	1.14155E-15
20.54	1.14142E-15
20.56	1.1413E-15
20.58	1.14118E-15
20.6	1.14108E-15
20.62	1.141E-15
20.64	1.14092E-15
20.66	1.14085E-15
20.68	1.1408E-15
20.7	1.14075E-15
20.72	1.14072E-15
20.74	1.14069E-15
20.76	1.14068E-15
20.78	1.14068E-15
20.8	1.14068E-15
20.82	1.14069E-15
20.84	1.14072E-15
20.86	1.14075E-15
20.88	1.14079E-15
20.9	1.14084E-15
20.92	1.14089E-15
20.94	1.14096E-15
20.96	1.14103E-15
20.98	1.14111E-15
21	1.1412E-15
21.02	1.14129E-15
21.04	1.14139E-15
21.06	1.1415E-15
21.08	1.14161E-15
21.1	1.14173E-15
21.12	1.14186E-15
21.14	1.14199E-15
21.16	1.14213E-15
21.18	1.14227E-15
21.2	1.14242E-15
21.22	1.14257E-15
21.24	1.14273E-15
21.26	1.14289E-15
21.28	1.14305E-15
21.3	1.14322E-15
21.32	1.1434E-15
21.34	1.14357E-15
21.36	1.14375E-15
21.38	1.14394E-15
21.4	1.14412E-15
21.42	1.14431E-15
21.44	1.14451E-15
21.46	1.1447E-15
21.48	1.1449E-15
21.5	1.14509E-15
21.52	1.14529E-15
21.54	1.14549E-15
21.56	1.1457E-15
21.58	1.1459E-15
21.6	1.1461E-15
21.62	1.14631E-15
21.64	1.14651E-15
21.66	1.14672E-15
21.68	1.14692E-15
21.7	1.14713E-15
21.72	1.14733E-15
21.74	1.14753E-15
21.76	1.14773E-15
21.78	1.14793E-15
21.8	1.14813E-15
21.82	1.14833E-15
21.84	1.14853E-15
21.86	1.14872E-15
21.88	1.14891E-15
21.9	1.1491E-15
21.92	1.14929E-15
21.94	1.14947E-15
21.96	1.14965E-15
21.98	1.14983E-15
22	1.15E-15
22.02	1.15017E-15
22.04	1.15033E-15
22.06	1.1505E-15
22.08	1.15065E-15
22.1	1.15081E-15
22.12	1.15096E-15
22.14	1.15111E-15
22.16	1.15125E-15
22.18	1.15139E-15
22.2	1.15153E-15
22.22	1.15166E-15
22.24	1.15179E-15
22.26	1.15191E-15
22.28	1.15204E-15
22.3	1.15216E-15
22.32	1.15227E-15
22.34	1.15238E-15
22.36	1.15249E-15
22.38	1.1526E-15
22.4	1.1527E-15
22.42	1.1528E-15
22.44	1.1529E-15
22.46	1.15299E-15
22.48	1.15308E-15
22.5	1.15317E-15
22.52	1.15325E-15
22.54	1.15333E-15
22.56	1.15341E-15
22.58	1.15349E-15
22.6	1.15356E-15
22.62	1.15363E-15
22.64	1.15369E-15
22.66	1.15376E-15
22.68	1.15382E-15
22.7	1.15387E-15
22.72	1.15393E-15
22.74	1.15398E-15
22.76	1.15403E-15
22.78	1.15408E-15
22.8	1.15412E-15
22.82	1.15417E-15
22.84	1.1542E-15
22.86	1.15424E-15
22.88	1.15428E-15
22.9	1.15431E-15
22.92	1.15434E-15
22.94	1.15436E-15
22.96	1.15439E-15
22.98	1.15441E-15
23	1.15443E-15
23.02	1.15445E-15
23.04	1.15446E-15
23.06	1.15448E-15
23.08	1.15449E-15
23.1	1.1545E-15
23.12	1.1545E-15
23.14	1.15451E-15
23.16	1.15451E-15
23.18	1.15451E-15
23.2	1.15451E-15
23.22	1.15451E-15
23.24	1.1545E-15
23.26	1.15449E-15
23.28	1.15448E-15
23.3	1.15447E-15
23.32	1.15446E-15
23.34	1.15445E-15
23.36	1.15443E-15
23.38	1.15441E-15
23.4	1.15439E-15
23.42	1.15437E-15
23.44	1.15435E-15
23.46	1.15432E-15
23.48	1.15429E-15
23.5	1.15427E-15
23.52	1.15424E-15
23.54	1.15421E-15
23.56	1.15417E-15
23.58	1.15414E-15
23.6	1.1541E-15
23.62	1.15407E-15
23.64	1.15403E-15
23.66	1.15399E-15
23.68	1.15395E-15
23.7	1.15391E-15
23.72	1.15387E-15
23.74	1.15382E-15
23.76	1.15378E-15
23.78	1.15373E-15
23.8	1.15368E-15
23.82	1.15363E-15
23.84	1.15358E-15
23.86	1.15353E-15
23.88	1.15348E-15
23.9	1.15343E-15
23.92	1.15338E-15
23.94	1.15332E-15
23.96	1.15327E-15
23.98	1.15321E-15
24	1.15315E-15
24.02	1.1531E-15
24.04	1.15304E-15
24.06	1.15298E-15
24.08	1.15292E-15
24.1	1.15286E-15
24.12	1.1528E-15
24.14	1.15274E-15
24.16	1.15268E-15
24.18	1.15261E-15
24.2	1.15255E-15
24.22	1.15249E-15
24.24	1.15242E-15
24.26	1.15236E-15
24.28	1.1523E-15
24.3	1.15223E-15
24.32	1.15217E-15
24.34	1.1521E-15
24.36	1.15204E-15
24.38	1.15197E-15
24.4	1.1519E-15
24.42	1.15184E-15
24.44	1.15177E-15
24.46	1.15171E-15
24.48	1.15164E-15
24.5	1.15157E-15
24.52	1.15151E-15
24.54	1.15144E-15
24.56	1.15137E-15
24.58	1.15131E-15
24.6	1.15124E-15
24.62	1.15118E-15
24.64	1.15111E-15
24.66	1.15105E-15
24.68	1.15098E-15
24.7	1.15092E-15
24.72	1.15085E-15
24.74	1.15079E-15
24.76	1.15072E-15
24.78	1.15066E-15
24.8	1.1506E-15
24.82	1.15053E-15
24.84	1.15047E-15
24.86	1.15041E-15
24.88	1.15035E-15
24.9	1.15029E-15
24.92	1.15023E-15
24.94	1.15017E-15
24.96	1.15011E-15
24.98	1.15006E-15
25	1.15E-15
25.02	1.14994E-15
25.04	1.14989E-15
25.06	1.14983E-15
25.08	1.14978E-15
25.1	1.14973E-15
25.12	1.14968E-15
25.14	1.14962E-15
25.16	1.14957E-15
25.18	1.14952E-15
25.2	1.14947E-15
25.22	1.14943E-15
25.24	1.14938E-15
25.26	1.14933E-15
25.28	1.14929E-15
25.3	1.14924E-15
25.32	1.1492E-15
25.34	1.14915E-15
25.36	1.14911E-15
25.38	1.14907E-15
25.4	1.14902E-15
25.42	1.14898E-15
25.44	1.14894E-15
25.46	1.1489E-15
25.48	1.14886E-15
25.5	1.14882E-15
25.52	1.14879E-15
25.54	1.14875E-15
25.56	1.14871E-15
25.58	1.14868E-15
25.6	1.14864E-15
25.62	1.14861E-15
25.64	1.14857E-15
25.66	1.14854E-15
25.68	1.14851E-15
25.7	1.14848E-15
25.72	1.14845E-15
25.74	1.14842E-15
25.76	1.14839E-15
25.78	1.14836E-15
25.8	1.14833E-15
25.82	1.1483E-15
25.84	1.14827E-15
25.86	1.14825E-15
25.88	1.14822E-15
25.9	1.14819E-15
25.92	1.14817E-15
25.94	1.14815E-15
25.96	1.14812E-15
25.98	1.1481E-15
26	1.14808E-15
26.02	1.14805E-15
26.04	1.14803E-15
26.06	1.14801E-15
26.08	1.14799E-15
26.1	1.14797E-15
26.12	1.14795E-15
26.14	1.14793E-15
26.16	1.14792E-15
26.18	1.1479E-15
26.2	1.14788E-15
26.22	1.14786E-15
26.24	1.14785E-15
26.26	1.14783E-15
26.28	1.14782E-15
26.3	1.1478E-15
26.32	1.14779E-15
26.34	1.14778E-15
26.36	1.14777E-15
26.38	1.14775E-15
26.4	1.14774E-15
26.42	1.14773E-15
26.44	1.14772E-15
26.46	1.14771E-15
26.48	1.1477E-15
26.5	1.14769E-15
26.52	1.14768E-15
26.54	1.14767E-15
26.56	1.14767E-15
26.58	1.14766E-15
26.6	1.14765E-15
26.62	1.14765E-15
26.64	1.14764E-15
26.66	1.14763E-15
26.68	1.14763E-15
26.7	1.14762E-15
26.72	1.14762E-15
26.74	1.14762E-15
26.76	1.14761E-15
26.78	1.14761E-15
26.8	1.14761E-15
26.82	1.14761E-15
26.84	1.1476E-15
26.86	1.1476E-15
26.88	1.1476E-15
26.9	1.1476E-15
26.92	1.1476E-15
26.94	1.1476E-15
26.96	1.1476E-15
26.98	1.14761E-15
27	1.14761E-15
27.02	1.14761E-15
27.04	1.14761E-15
27.06	1.14761E-15
27.08	1.14762E-15
27.1	1.14762E-15
27.12	1.14763E-15
27.14	1.14763E-15
27.16	1.14763E-15
27.18	1.14764E-15
27.2	1.14765E-15
27.22	1.14765E-15
27.24	1.14766E-15
27.26	1.14766E-15
27.28	1.14767E-15
27.3	1.14768E-15
27.32	1.14768E-15
27.34	1.14769E-15
27.36	1.1477E-15
27.38	1.14771E-15
27.4	1.14772E-15
27.42	1.14773E-15
27.44	1.14774E-15
27.46	1.14775E-15
27.48	1.14776E-15
27.5	1.14777E-15
27.52	1.14778E-15
27.54	1.14779E-15
27.56	1.1478E-15
27.58	1.14781E-15
27.6	1.14782E-15
27.62	1.14783E-15
27.64	1.14784E-15
27.66	1.14786E-15
27.68	1.14787E-15
27.7	1.14788E-15
27.72	1.14789E-15
27.74	1.14791E-15
27.76	1.14792E-15
27.78	1.14794E-15
27.8	1.14795E-15
27.82	1.14796E-15
27.84	1.14798E-15
27.86	1.14799E-15
27.88	1.14801E-15
27.9	1.14802E-15
27.92	1.14804E-15
27.94	1.14805E-15
27.96	1.14807E-15
27.98	1.14809E-15
28	1.1481E-15
28.02	1.14812E-15
28.04	1.14813E-15
28.06	1.14815E-15
28.08	1.14817E-15
28.1	1.14818E-15
28.12	1.1482E-15
28.14	1.14822E-15
28.16	1.14824E-15
28.18	1.14825E-15
28.2	1.14827E-15
28.22	1.14829E-15
28.24	1.14831E-15
28.26	1.14833E-15
28.28	1.14835E-15
28.3	1.14836E-15
28.32	1.14838E-15
28.34	1.1484E-15
28.36	1.14842E-15
28.38	1.14844E-15
28.4	1.14846E-15
28.42	1.14848E-15
28.44	1.1485E-15
28.46	1.14852E-15
28.48	1.14854E-15
28.5	1.14856E-15
28.52	1.14857E-15
28.54	1.14859E-15
28.56	1.14861E-15
28.58	1.14863E-15
28.6	1.14865E-15
28.62	1.14867E-15
28.64	1.14869E-15
28.66	1.14871E-15
28.68	1.14874E-15
28.7	1.14876E-15
28.72	1.14878E-15
28.74	1.1488E-15
28.76	1.14882E-15
28.78	1.14884E-15
28.8	1.14886E-15
28.82	1.14888E-15
28.84	1.1489E-15
28.86	1.14892E-15
28.88	1.14894E-15
28.9	1.14896E-15
28.92	1.14898E-15
28.94	1.149E-15
28.96	1.14902E-15
28.98	1.14904E-15
29	1.14906E-15
29.02	1.14908E-15
29.04	1.14911E-15
29.06	1.14913E-15
29.08	1.14915E-15
29.1	1.14917E-15
29.12	1.14919E-15
29.14	1.14921E-15
29.16	1.14923E-15
29.18	1.14925E-15
29.2	1.14927E-15
29.22	1.14929E-15
29.24	1.14931E-15
29.26	1.14933E-15
29.28	1.14935E-15
29.3	1.14937E-15
29.32	1.14939E-15
29.34	1.14941E-15
29.36	1.14943E-15
29.38	1.14945E-15
29.4	1.14947E-15
29.42	1.14949E-15
29.44	1.14951E-15
29.46	1.14953E-15
29.48	1.14955E-15
29.5	1.14957E-15
29.52	1.14959E-15
29.54	1.1496E-15
29.56	1.14962E-15
29.58	1.14964E-15
29.6	1.14966E-15
29.62	1.14968E-15
29.64	1.1497E-15
29.66	1.14972E-15
29.68	1.14973E-15
29.7	1.14975E-15
29.72	1.14977E-15
29.74	1.14979E-15
29.76	1.1498E-15
29.78	1.14982E-15
29.8	1.14984E-15
29.82	1.14986E-15
29.84	1.14987E-15
29.86	1.14989E-15
29.88	1.14991E-15
29.9	1.14992E-15
29.92	1.14994E-15
29.94	1.14995E-15
29.96	1.14997E-15
29.98	1.14998E-15
30	1.15E-15
30.02	1.15002E-15
30.04	1.15003E-15
30.06	1.15004E-15
30.08	1.15006E-15
30.1	1.15007E-15
30.12	1.15009E-15
30.14	1.1501E-15
30.16	1.15011E-15
30.18	1.15013E-15
30.2	1.15014E-15
30.22	1.15015E-15
30.24	1.15017E-15
30.26	1.15018E-15
30.28	1.15019E-15
30.3	1.1502E-15
30.32	1.15022E-15
30.34	1.15023E-15
30.36	1.15024E-15
30.38	1.15025E-15
30.4	1.15026E-15
30.42	1.15027E-15
30.44	1.15029E-15
30.46	1.1503E-15
30.48	1.15031E-15
30.5	1.15032E-15
30.52	1.15033E-15
30.54	1.15034E-15
30.56	1.15035E-15
30.58	1.15036E-15
30.6	1.15037E-15
30.62	1.15038E-15
30.64	1.15038E-15
30.66	1.15039E-15
30.68	1.1504E-15
30.7	1.15041E-15
30.72	1.15042E-15
30.74	1.15043E-15
30.76	1.15044E-15
30.78	1.15044E-15
30.8	1.15045E-15
30.82	1.15046E-15
30.84	1.15047E-15
30.86	1.15047E-15
30.88	1.15048E-15
30.9	1.15049E-15
30.92	1.15049E-15
30.94	1.1505E-15
30.96	1.15051E-15
30.98	1.15051E-15
31	1.15052E-15
31.02	1.15053E-15
31.04	1.15053E-15
31.06	1.15054E-15
31.08	1.15054E-15
31.1	1.15055E-15
31.12	1.15055E-15
31.14	1.15056E-15
31.16	1.15056E-15
31.18	1.15057E-15
31.2	1.15057E-15
31.22	1.15058E-15
31.24	1.15058E-15
31.26	1.15059E-15
31.28	1.15059E-15
31.3	1.15059E-15
31.32	1.1506E-15
31.34	1.1506E-15
31.36	1.15061E-15
31.38	1.15061E-15
31.4	1.15061E-15
31.42	1.15061E-15
31.44	1.15062E-15
31.46	1.15062E-15
31.48	1.15062E-15
31.5	1.15063E-15
31.52	1.15063E-15
31.54	1.15063E-15
31.56	1.15063E-15
31.58	1.15063E-15
31.6	1.15064E-15
31.62	1.15064E-15
31.64	1.15064E-15
31.66	1.15064E-15
31.68	1.15064E-15
31.7	1.15064E-15
31.72	1.15065E-15
31.74	1.15065E-15
31.76	1.15065E-15
31.78	1.15065E-15
31.8	1.15065E-15
31.82	1.15065E-15
31.84	1.15065E-15
31.86	1.15065E-15
31.88	1.15065E-15
31.9	1.15065E-15
31.92	1.15065E-15
31.94	1.15065E-15
31.96	1.15065E-15
31.98	1.15065E-15
32	1.15065E-15
32.02	1.15065E-15
32.04	1.15065E-15
32.06	1.15065E-15
32.08	1.15065E-15
32.1	1.15065E-15
32.12	1.15065E-15
32.14	1.15064E-15
32.16	1.15064E-15
32.18	1.15064E-15
32.2	1.15064E-15
32.22	1.15064E-15
32.24	1.15064E-15
32.26	1.15064E-15
32.28	1.15063E-15
32.3	1.15063E-15
32.32	1.15063E-15
32.34	1.15063E-15
32.36	1.15063E-15
32.38	1.15062E-15
32.4	1.15062E-15
32.42	1.15062E-15
32.44	1.15062E-15
32.46	1.15061E-15
32.48	1.15061E-15
32.5	1.15061E-15
32.52	1.15061E-15
32.54	1.1506E-15
32.56	1.1506E-15
32.58	1.1506E-15
32.6	1.1506E-15
32.62	1.15059E-15
32.64	1.15059E-15
32.66	1.15059E-15
32.68	1.15058E-15
32.7	1.15058E-15
32.72	1.15058E-15
32.74	1.15057E-15
32.76	1.15057E-15
32.78	1.15056E-15
32.8	1.15056E-15
32.82	1.15056E-15
32.84	1.15055E-15
32.86	1.15055E-15
32.88	1.15055E-15
32.9	1.15054E-15
32.92	1.15054E-15
32.94	1.15053E-15
32.96	1.15053E-15
32.98	1.15052E-15
33	1.15052E-15
33.02	1.15052E-15
33.04	1.15051E-15
33.06	1.15051E-15
33.08	1.1505E-15
33.1	1.1505E-15
33.12	1.15049E-15
33.14	1.15049E-15
33.16	1.15048E-15
33.18	1.15048E-15
33.2	1.15047E-15
33.22	1.15047E-15
33.24	1.15046E-15
33.26	1.15046E-15
33.28	1.15045E-15
33.3	1.15045E-15
33.32	1.15044E-15
33.34	1.15044E-15
33.36	1.15043E-15
33.38	1.15043E-15
33.4	1.15042E-15
33.42	1.15042E-15
33.44	1.15041E-15
33.46	1.15041E-15
33.48	1.1504E-15
33.5	1.1504E-15
33.52	1.15039E-15
33.54	1.15039E-15
33.56	1.15038E-15
33.58	1.15038E-15
33.6	1.15037E-15
33.62	1.15037E-15
33.64	1.15036E-15
33.66	1.15035E-15
33.68	1.15035E-15
33.7	1.15034E-15
33.72	1.15034E-15
33.74	1.15033E-15
33.76	1.15033E-15
33.78	1.15032E-15
33.8	1.15032E-15
33.82	1.15031E-15
33.84	1.15031E-15
33.86	1.1503E-15
33.88	1.15029E-15
33.9	1.15029E-15
33.92	1.15028E-15
33.94	1.15028E-15
33.96	1.15027E-15
33.98	1.15027E-15
34	1.15026E-15
34.02	1.15025E-15
34.04	1.15025E-15
34.06	1.15024E-15
34.08	1.15024E-15
34.1	1.15023E-15
34.12	1.15023E-15
34.14	1.15022E-15
34.16	1.15022E-15
34.18	1.15021E-15
34.2	1.1502E-15
34.22	1.1502E-15
34.24	1.15019E-15
34.26	1.15019E-15
34.28	1.15018E-15
34.3	1.15018E-15
34.32	1.15017E-15
34.34	1.15017E-15
34.36	1.15016E-15
34.38	1.15015E-15
34.4	1.15015E-15
34.42	1.15014E-15
34.44	1.15014E-15
34.46	1.15013E-15
34.48	1.15013E-15
34.5	1.15012E-15
34.52	1.15012E-15
34.54	1.15011E-15
34.56	1.15011E-15
34.58	1.1501E-15
34.6	1.1501E-15
34.62	1.15009E-15
34.64	1.15009E-15
34.66	1.15008E-15
34.68	1.15008E-15
34.7	1.15007E-15
34.72	1.15007E-15
34.74	1.15006E-15
34.76	1.15006E-15
34.78	1.15005E-15
34.8	1.15005E-15
34.82	1.15004E-15
34.84	1.15004E-15
34.86	1.15003E-15
34.88	1.15003E-15
34.9	1.15002E-15
34.92	1.15002E-15
34.94	1.15001E-15
34.96	1.15001E-15
34.98	1.15E-15
35	1.15E-15
35.02	1.15E-15
35.04	1.14999E-15
35.06	1.14999E-15
35.08	1.14998E-15
35.1	1.14998E-15
35.12	1.14997E-15
35.14	1.14997E-15
35.16	1.14997E-15
35.18	1.14996E-15
35.2	1.14996E-15
35.22	1.14996E-15
35.24	1.14995E-15
35.26	1.14995E-15
35.28	1.14994E-15
35.3	1.14994E-15
35.32	1.14994E-15
35.34	1.14993E-15
35.36	1.14993E-15
35.38	1.14993E-15
35.4	1.14992E-15
35.42	1.14992E-15
35.44	1.14992E-15
35.46	1.14991E-15
35.48	1.14991E-15
35.5	1.14991E-15
35.52	1.1499E-15
35.54	1.1499E-15
35.56	1.1499E-15
35.58	1.1499E-15
35.6	1.14989E-15
35.62	1.14989E-15
35.64	1.14989E-15
35.66	1.14988E-15
35.68	1.14988E-15
35.7	1.14988E-15
35.72	1.14988E-15
35.74	1.14987E-15
35.76	1.14987E-15
35.78	1.14987E-15
35.8	1.14987E-15
35.82	1.14986E-15
35.84	1.14986E-15
35.86	1.14986E-15
35.88	1.14986E-15
35.9	1.14985E-15
35.92	1.14985E-15
35.94	1.14985E-15
35.96	1.14985E-15
35.98	1.14985E-15
36	1.14984E-15
	
	
	
	
	--
	--
