//3	4	1	1	0	0	0	0
//Energy[eV]	XS[cm2]
0	5.4597701149425155e-16
0.001	5.4644120869697616e-16
0.002	5.4690619590220152e-16
0.0030000000000000001	5.4737197513261097e-16
0.0040000000000000001	5.4783854841233658e-16
0.0050000000000000001	5.4830591777352211e-16
0.0060000000000000001	5.4877408525535575e-16
0.0070000000000000001	5.4924305290399576e-16
0.0080000000000000002	5.4904105611428669e-16
0.0089999999999999993	5.46291461908397e-16
0.01	5.4689128990969422e-16
0.010999999999999999	5.4578456221607795e-16
0.012	5.457936503274659e-16
0.012999999999999999	5.4626247484549387e-16
0.014	5.4673210547547115e-16
0.014999999999999999	5.4724941469813426e-16
0.016	5.4767379340191906e-16
0.017000000000000001	5.4487241730652612e-16
0.017999999999999999	5.4458064833419432e-16
0.019	5.4454271092646209e-16
0.02	5.4367567745217489e-16
0.021000000000000001	5.4382820529280824e-16
0.021999999999999999	5.4412388707039093e-16
0.023	5.4432581622510106e-16
0.024	5.4476884751901262e-16
0.025000000000000001	5.4438432934244252e-16
0.025999999999999999	5.4240864845528977e-16
0.027	5.4065452855062487e-16
0.028000000000000001	5.3983278561127267e-16
0.029000000000000001	5.3961902495267136e-16
0.029999999999999999	5.3986165217756154e-16
0.031	5.3995624988928987e-16
0.032000000000000001	5.3937534697982044e-16
0.033000000000000002	5.3861899810416899e-16
0.034000000000000002	5.3800051041781719e-16
0.035000000000000003	5.3742163580301925e-16
0.035999999999999997	5.3681370915029146e-16
0.036999999999999998	5.3618931919021591e-16
0.037999999999999999	5.3571085992878275e-16
0.039	5.3573199971841439e-16
0.040000000000000001	5.3597560461585224e-16
0.041000000000000002	5.3614451188838435e-16
0.042000000000000003	5.3590290416215286e-16
0.042999999999999997	5.3543278063198171e-16
0.043999999999999997	5.3477309291162244e-16
0.044999999999999998	5.337487099188541e-16
0.045999999999999999	5.3261523695013953e-16
0.047	5.3157721430564725e-16
0.048000000000000001	5.3111595951175789e-16
0.049000000000000002	5.3124707829715779e-16
0.050000000000000003	5.314784206081665e-16
0.050999999999999997	5.3163455786328414e-16
0.051999999999999998	5.3092321522170006e-16
0.052999999999999999	5.2997584595800426e-16
0.053999999999999999	5.2900351835982641e-16
0.055	5.2821314997518873e-16
0.056000000000000001	5.2824639777474123e-16
0.057000000000000002	5.2842970546439753e-16
0.058000000000000003	5.2864994855243218e-16
0.058999999999999997	5.2879388480504461e-16
0.059999999999999998	5.2825641130347085e-16
0.060999999999999999	5.2748721467574023e-16
0.062	5.2663801853833864e-16
0.063	5.2577917361486249e-16
0.064000000000000001	5.2514187431329071e-16
0.065000000000000002	5.2476005802168443e-16
0.066000000000000003	5.2445492634986957e-16
0.067000000000000004	5.2420536058581308e-16
0.068000000000000005	5.239902239901275e-16
0.069000000000000006	5.2376564801460683e-16
0.070000000000000007	5.2352821512979954e-16
0.070999999999999994	5.2327455854346743e-16
0.071999999999999995	5.2299152762909518e-16
0.072999999999999995	5.226659605225397e-16
0.073999999999999996	5.2218215211266056e-16
0.074999999999999997	5.2157866165255358e-16
0.075999999999999998	5.2094688117220696e-16
0.076999999999999999	5.203103721402456e-16
0.078	5.1969271618084774e-16
0.079000000000000001	5.1913646270749047e-16
0.080000000000000002	5.1881244250866701e-16
0.081000000000000003	5.1851006346090753e-16
0.082000000000000003	5.1825458576822051e-16
0.083000000000000004	5.1803520396772325e-16
0.084000000000000005	5.1784110634812281e-16
0.085000000000000006	5.1765901904192487e-16
0.085999999999999993	5.1745902914785678e-16
0.086999999999999994	5.1725555143647376e-16
0.087999999999999995	5.1704158678071872e-16
0.088999999999999996	5.1681013200326325e-16
0.089999999999999997	5.1655417987357766e-16
0.090999999999999998	5.1626671910499846e-16
0.091999999999999998	5.1584146581128334e-16
0.092999999999999999	5.1533922497704735e-16
0.094	5.1481516725405726e-16
0.095000000000000001	5.1428193310739351e-16
0.096000000000000002	5.1375217032436582e-16
0.097000000000000003	5.1323853401981548e-16
0.098000000000000004	5.1275368664142275e-16
0.099000000000000005	5.1246633999453151e-16
0.10000000000000001	5.1223126019763866e-16
0.10100000000000001	5.1199517819580502e-16
0.10199999999999999	5.1177407920986211e-16
0.10299999999999999	5.1155810365025704e-16
0.104	5.1133738820022836e-16
0.105	5.1110206581404222e-16
0.106	5.1068127823048926e-16
0.107	5.1023717146470043e-16
0.108	5.0977734070204416e-16
0.109	5.093093840004447e-16
0.11	5.0884090229174036e-16
0.111	5.0837949938304212e-16
0.112	5.0793278195809293e-16
0.113	5.0750835957862969e-16
0.114	5.0728417433976915e-16
0.115	5.0708808048375985e-16
0.11600000000000001	5.0691349671366133e-16
0.11700000000000001	5.0675383924155343e-16
0.11799999999999999	5.0660252178735758e-16
0.11899999999999999	5.0645295557765763e-16
0.12	5.0629854934451963e-16
0.121	5.0611317770798256e-16
0.122	5.0590978802548659e-16
0.123	5.0555209295304086e-16
0.124	5.0517289940367722e-16
0.125	5.0477533809598515e-16
0.126	5.0436254045085571e-16
0.127	5.0393763859167669e-16
0.128	5.0350376534453077e-16
0.129	5.0306405423839236e-16
0.13	5.0262163950532433e-16
0.13100000000000001	5.0217965608067078e-16
0.13200000000000001	5.0179008935410938e-16
0.13300000000000001	5.0140506017674793e-16
0.13400000000000001	5.0102444821494552e-16
0.13500000000000001	5.006481331080534e-16
0.13600000000000001	5.0027599446840808e-16
0.13700000000000001	4.9990791188132277e-16
0.13800000000000001	4.9954376490508124e-16
0.13900000000000001	4.9918343307092864e-16
0.14000000000000001	4.9882679588306495e-16
0.14099999999999999	4.9846391358135604e-16
0.14199999999999999	4.9807988834877619e-16
0.14299999999999999	4.9770010210856452e-16
0.14399999999999999	4.9732577660581996e-16
0.14499999999999999	4.9695813376369476e-16
0.14599999999999999	4.9659839568342729e-16
0.14699999999999999	4.9624778464437365e-16
0.14799999999999999	4.9590752310404121e-16
0.14899999999999999	4.9557883369812014e-16
0.14999999999999999	4.9526293924051652e-16
0.151	4.9496106272338447e-16
0.152	4.94674427317159e-16
0.153	4.9450647895714133e-16
0.154	4.943511147195092e-16
0.155	4.9420444624976118e-16
0.156	4.9406258462649134e-16
0.157	4.9392164036128641e-16
0.158	4.9377772339862254e-16
0.159	4.9362694311576161e-16
0.16	4.9346540832264826e-16
0.161	4.9328357338109427e-16
0.16200000000000001	4.930832040278896e-16
0.16300000000000001	4.928604081420611e-16
0.16400000000000001	4.9242443272115855e-16
0.16500000000000001	4.919638985973921e-16
0.16600000000000001	4.9148340698952488e-16
0.16700000000000001	4.9098755957639053e-16
0.16800000000000001	4.9048095849695093e-16
0.16900000000000001	4.8996820635035393e-16
0.17000000000000001	4.8945390619599062e-16
0.17100000000000001	4.8894266155355331e-16
0.17199999999999999	4.8843907640309204e-16
0.17299999999999999	4.8794775518507345e-16
0.17399999999999999	4.8747330280043719e-16
0.17499999999999999	4.870203246106515e-16
0.17599999999999999	4.8678271200352161e-16
0.17699999999999999	4.8657094156420573e-16
0.17799999999999999	4.8638233909460689e-16
0.17899999999999999	4.8621423012915763e-16
0.17999999999999999	4.8606393993478648e-16
0.18099999999999999	4.8592533403910405e-16
0.182	4.857991982687468e-16
0.183	4.856828568788536e-16
0.184	4.8557363393311439e-16
0.185	4.8546885330375291e-16
0.186	4.8536583867150972e-16
0.187	4.8526191352562436e-16
0.188	4.8515440116381754e-16
0.189	4.8495507479259831e-16
0.19	4.8474767713918978e-16
0.191	4.8453214994152787e-16
0.192	4.8430843493337938e-16
0.193	4.8407647384434127e-16
0.19400000000000001	4.838362083998403e-16
0.19500000000000001	4.8358758032113352e-16
0.19600000000000001	4.8333053132530664e-16
0.19700000000000001	4.8306500312527442e-16
0.19800000000000001	4.8279093742978056e-16
0.19900000000000001	4.8250827594339643e-16
0.20000000000000001	4.8221696036652117e-16
0.20100000000000001	4.8191468947875248e-16
0.20200000000000001	4.8160365070381855e-16
0.20300000000000001	4.8128378585299117e-16
0.20399999999999999	4.8090773897633994e-16
0.20499999999999999	4.8052401530571361e-16
0.20599999999999999	4.8013382363118954e-16
0.20699999999999999	4.7973837280686164e-16
0.20799999999999999	4.7933887175084347e-16
0.20899999999999999	4.7893652944527418e-16
0.20999999999999999	4.7853255493632092e-16
0.21099999999999999	4.7812815733418437e-16
0.21199999999999999	4.7772454581310247e-16
0.21299999999999999	4.7732292961135476e-16
0.214	4.7692451803126641e-16
0.215	4.7653052043921269e-16
0.216	4.7614214626562338e-16
0.217	4.7576060500498664e-16
0.218	4.7538710621586189e-16
0.219	4.7510689074957939e-16
0.22	4.7483573875056445e-16
0.221	4.74571254490691e-16
0.222	4.743140529596424e-16
0.223	4.7406324286113901e-16
0.224	4.7381793286299223e-16
0.22500000000000001	4.7357723159710324e-16
0.22600000000000001	4.7334024765946091e-16
0.22700000000000001	4.7310608961014013e-16
0.22800000000000001	4.7287386597329976e-16
0.22900000000000001	4.7264268523718102e-16
0.23000000000000001	4.7241165585410554e-16
0.23100000000000001	4.7217988624047395e-16
0.23200000000000001	4.7194648477676336e-16
0.23300000000000001	4.7171055980752654e-16
0.23400000000000001	4.7147121964139115e-16
0.23499999999999999	4.711686934139816e-16
0.23599999999999999	4.7086137478510844e-16
0.23699999999999999	4.705495943967416e-16
0.23799999999999999	4.7023368290417365e-16
0.23899999999999999	4.6991397097602047e-16
0.23999999999999999	4.6959078929422267e-16
0.24099999999999999	4.6926342021765691e-16
0.24199999999999999	4.6893324424542419e-16
0.24299999999999999	4.6860059211608107e-16
0.24399999999999999	4.6826579457855548e-16
0.245	4.6792918239214796e-16
0.246	4.6759108632653141e-16
0.247	4.6725183716175224e-16
0.248	4.6691176568822987e-16
0.249	4.6657120270675777e-16
0.25	4.6623047902850379e-16
0.251	4.658899254750103e-16
0.252	4.6554987287819132e-16
0.253	4.6521455494613972e-16
0.254	4.6488035407901821e-16
0.255	4.6454753266639667e-16
0.25600000000000001	4.6421635310607399e-16
0.25700000000000001	4.6388707780407843e-16
0.25800000000000001	4.6355996917466807e-16
0.25900000000000001	4.6323528964033176e-16
0.26000000000000001	4.6291330163178823e-16
0.26100000000000001	4.6259351846483797e-16
0.26200000000000001	4.6227695272336364e-16
0.26300000000000001	4.6196386684589518e-16
0.26400000000000001	4.616545232774942e-16
0.26500000000000001	4.6134918446975338e-16
0.26600000000000001	4.6104811288079717e-16
0.26700000000000002	4.6075157097528191e-16
0.26800000000000002	4.6045982122439567e-16
0.26900000000000002	4.6017312610585901e-16
0.27000000000000002	4.5989174810392513e-16
0.27100000000000002	4.5961594970937694e-16
0.27200000000000002	4.5939186958142174e-16
0.27300000000000002	4.591734117229373e-16
0.27400000000000002	4.5896011426584014e-16
0.27500000000000002	4.5875151533055168e-16
0.27600000000000002	4.585471530259978e-16
0.27700000000000002	4.5834656544960838e-16
0.27800000000000002	4.5814929068731744e-16
0.27900000000000003	4.5795486681356202e-16
0.28000000000000003	4.5776283189128253e-16
0.28100000000000003	4.5757217375486615e-16
0.28199999999999997	4.573829811094667e-16
0.28299999999999997	4.5719479197991975e-16
0.28399999999999997	4.5700714438178453e-16
0.28499999999999998	4.5681957632134357e-16
0.28599999999999998	4.5663162579560319e-16
0.28699999999999998	4.5644283079229192e-16
0.28799999999999998	4.5625272928986147e-16
0.28899999999999998	4.5606085925748586e-16
0.28999999999999998	4.5586675865506191e-16
0.29099999999999998	4.5566996543320304e-16
0.29199999999999998	4.5540943195717677e-16
0.29299999999999998	4.5514555589272196e-16
0.29399999999999998	4.5487869946857897e-16
0.29499999999999998	4.5460922492076212e-16
0.29599999999999999	4.5433749449255996e-16
0.29699999999999999	4.5406387043453498e-16
0.29799999999999999	4.5378871500452408e-16
0.29899999999999999	4.5351239046763902e-16
0.29999999999999999	4.5323525909626597e-16
0.30099999999999999	4.5295727027140066e-16
0.30199999999999999	4.5267919968145889e-16
0.30299999999999999	4.5240140961989305e-16
0.30399999999999999	4.5212426238610945e-16
0.30499999999999999	4.5184812028546932e-16
0.30599999999999999	4.515733456292882e-16
0.307	4.5130030073483675e-16
0.308	4.5102934792534046e-16
0.309	4.5076084952997961e-16
0.31	4.504951678838899e-16
0.311	4.5023266532816233e-16
0.312	4.4997370420984291e-16
0.313	4.4971864688193358e-16
0.314	4.4952231457616834e-16
0.315	4.4933018072553728e-16
0.316	4.4914196193291677e-16
0.317	4.4895737479652485e-16
0.318	4.4877613590992145e-16
0.31900000000000001	4.4859796186200875e-16
0.32000000000000001	4.4842256923703023e-16
0.32100000000000001	4.4825015391452523e-16
0.32200000000000001	4.4807995280942269e-16
0.32300000000000001	4.4791168249817981e-16
0.32400000000000001	4.4774505955138351e-16
0.32500000000000001	4.4757980053374931e-16
0.32600000000000001	4.4741562200412211e-16
0.32700000000000001	4.4725224051547476e-16
0.32800000000000001	4.4708937261490967e-16
0.32900000000000001	4.4692673484365678e-16
0.33000000000000002	4.4676404373707505e-16
0.33100000000000002	4.4660101582465085e-16
0.33200000000000002	4.4643736762999924e-16
0.33300000000000002	4.4627281567086254e-16
0.33400000000000002	4.4610707645911085e-16
0.33500000000000002	4.4593986650074213e-16
0.33600000000000002	4.4577090229588557e-16
0.33700000000000002	4.4555009588955199e-16
0.33800000000000002	4.4532696770349765e-16
0.33900000000000002	4.4510173226987208e-16
0.34000000000000002	4.4487460412526846e-16
0.34100000000000003	4.4464723485703813e-16
0.34200000000000003	4.4441840050009642e-16
0.34300000000000003	4.4418831559222217e-16
0.34399999999999997	4.4395719467841226e-16
0.34499999999999997	4.4372525231088167e-16
0.34599999999999997	4.4349270304906399e-16
0.34699999999999998	4.4325976145961156e-16
0.34799999999999998	4.4302664211639601e-16
0.34899999999999998	4.4279355960050846e-16
0.34999999999999998	4.425607285002599e-16
0.35099999999999998	4.4232836341118102e-16
0.35199999999999998	4.4209667893602334e-16
0.35299999999999998	4.4186588968475868e-16
0.35399999999999998	4.416362102745804e-16
0.35499999999999998	4.4140785532990257e-16
0.35599999999999998	4.4118103948236107e-16
0.35699999999999998	4.4095597737081378e-16
0.35799999999999998	4.4073288364134066e-16
0.35899999999999999	4.4051197294724437e-16
0.35999999999999999	4.4029345994905001e-16
0.36099999999999999	4.4006922582077734e-16
0.36199999999999999	4.3984782697615069e-16
0.36299999999999999	4.3966636543626174e-16
0.36399999999999999	4.3948795722982287e-16
0.36499999999999999	4.3931250158333177e-16
0.36599999999999999	4.3913989772752858e-16
0.36699999999999999	4.3897004489739499e-16
0.36799999999999999	4.388028423321542e-16
0.36899999999999999	4.3863818927527131e-16
0.37	4.3847598497445236e-16
0.371	4.3831612868164402e-16
0.372	4.38158519653034e-16
0.373	4.3800305714905073e-16
0.374	4.3784964043436246e-16
0.375	4.3769816877787763e-16
0.376	4.3754854145274464e-16
0.377	4.374006577363516e-16
0.378	4.3725441691032588e-16
0.379	4.3710971826053382e-16
0.38	4.3696646107708093e-16
0.38100000000000001	4.368011412441371e-16
0.38200000000000001	4.3663707954333095e-16
0.38300000000000001	4.3647417509090351e-16
0.38400000000000001	4.3631232702895721e-16
0.38500000000000001	4.3615143452544661e-16
0.38600000000000001	4.3599139677417027e-16
0.38700000000000001	4.358321129947629e-16
0.38800000000000001	4.3567348243268699e-16
0.38900000000000001	4.3551540435922339e-16
0.39000000000000001	4.3534437060518213e-16
0.39100000000000001	4.3517372387794722e-16
0.39200000000000002	4.3500346611432217e-16
0.39300000000000002	4.3483359925061438e-16
0.39400000000000002	4.3466412522263552e-16
0.39500000000000002	4.344950459657009e-16
0.39600000000000002	4.3432636341463034e-16
0.39700000000000002	4.341580795037481e-16
0.39800000000000002	4.3399019616688304e-16
0.39900000000000002	4.3382271533736866e-16
0.40000000000000002	4.3365563894804346e-16
0.40100000000000002	4.3343959846154884e-16
0.40200000000000002	4.3322402170693346e-16
0.40300000000000002	4.3300891044586395e-16
0.40400000000000003	4.327942664387541e-16
0.40500000000000003	4.3258009144476547e-16
0.40600000000000003	4.3236638722180956e-16
0.40699999999999997	4.3215315552654775e-16
0.40799999999999997	4.3194039811439317e-16
0.40899999999999997	4.3172811673951147e-16
0.40999999999999998	4.3151631315482223e-16
0.41099999999999998	4.3130498911199971e-16
0.41199999999999998	4.3109414636147405e-16
0.41299999999999998	4.3088378665243263e-16
0.41399999999999998	4.3067391173282073e-16
0.41499999999999998	4.3046452334934324e-16
0.41599999999999998	4.302556232474652e-16
0.41699999999999998	4.3004721317141309e-16
0.41799999999999998	4.2983929486417711e-16
0.41899999999999998	4.2964287050553894e-16
0.41999999999999998	4.2944693749722904e-16
0.42099999999999999	4.2920017869968406e-16
0.42199999999999999	4.2895384987405988e-16
0.42299999999999999	4.2870788174430562e-16
0.42399999999999999	4.2846220511649623e-16
0.42499999999999999	4.2821675087871165e-16
0.42599999999999999	4.2797145000091435e-16
0.42699999999999999	4.2772623353482886e-16
0.42799999999999999	4.2748103261382046e-16
0.42899999999999999	4.2723577845277445e-16
0.42999999999999999	4.269904023479756e-16
0.43099999999999999	4.2674483567698744e-16
0.432	4.2649900989853282e-16
0.433	4.2625285655237295e-16
0.434	4.2600630725918889e-16
0.435	4.2575929372046063e-16
0.436	4.2551174771834927e-16
0.437	4.2526360111557679e-16
0.438	4.250147858553074e-16
0.439	4.2476523396102923e-16
0.44	4.2451487753643559e-16
0.441	4.2424776248454927e-16
0.442	4.2397973678336847e-16
0.443	4.237107328602963e-16
0.44400000000000001	4.2344068323246929e-16
0.44500000000000001	4.2316952050660861e-16
0.44600000000000001	4.2289717737887139e-16
0.44700000000000001	4.2262358663470276e-16
0.44800000000000001	4.2234868114868732e-16
0.44900000000000001	4.2207239388440172e-16
0.45000000000000001	4.2179465789426523e-16
0.45100000000000001	4.2147585411225425e-16
0.45200000000000001	4.2115564393680603e-16
0.45300000000000001	4.2083418509094281e-16
0.45400000000000001	4.2051163508893061e-16
0.45500000000000002	4.2018815123662419e-16
0.45600000000000002	4.1986389063181179e-16
0.45700000000000002	4.1953901016455859e-16
0.45800000000000002	4.1921366651755094e-16
0.45900000000000002	4.1888801616643774e-16
0.46000000000000002	4.1856221538017281e-16
0.46100000000000002	4.1823888548512818e-16
0.46200000000000002	4.1791571163838968e-16
0.46300000000000002	4.1759284950175893e-16
0.46400000000000002	4.1727045453534982e-16
0.46500000000000002	4.1694868199791596e-16
0.46600000000000003	4.1662768694717648e-16
0.46700000000000003	4.1630762424014101e-16
0.46800000000000003	4.1598864853343439e-16
0.46899999999999997	4.156709142836213e-16
0.46999999999999997	4.1535457574752844e-16
0.47099999999999997	4.1503978698256855e-16
0.47199999999999998	4.1472670184706179e-16
0.47299999999999998	4.1441547400055742e-16
0.47399999999999998	4.1410625690415464e-16
0.47499999999999998	4.1379920382082323e-16
0.47599999999999998	4.1349446781572267e-16
0.47699999999999998	4.1319220175652129e-16
0.47799999999999998	4.1289255831371527e-16
0.47899999999999998	4.125956899609453e-16
0.47999999999999998	4.1230174897531504e-16
0.48099999999999998	4.1201323475866918e-16
0.48199999999999998	4.1172794711352167e-16
0.48299999999999998	4.1144603779156051e-16
0.48399999999999999	4.1122619325775757e-16
0.48499999999999999	4.1101008859032033e-16
0.48599999999999999	4.1079758815608006e-16
0.48699999999999999	4.1058855649322672e-16
0.48799999999999999	4.103828583110388e-16
0.48899999999999999	4.1018035848961242e-16
0.48999999999999999	4.0998092207959319e-16
0.49099999999999999	4.097844143019056e-16
0.49199999999999999	4.0959070054748592e-16
0.49299999999999999	4.0939964637701348e-16
0.49399999999999999	4.092111175206432e-16
0.495	4.0902497987773896e-16
0.496	4.0884109951660714e-16
0.497	4.0865934267423003e-16
0.498	4.0847957575600116e-16
0.499	4.0830166533545984e-16
0.5	4.0812547815402689e-16
0.501	4.0794915866326682e-16
0.502	4.0777429895612411e-16
0.503	4.0760076625687124e-16
0.504	4.0742842795887115e-16
0.505	4.072571516243076e-16
0.50600000000000001	4.070868049839174e-16
0.50700000000000001	4.0691725593672156e-16
0.50800000000000001	4.0674837254975814e-16
0.50900000000000001	4.0658002305781551e-16
0.51000000000000001	4.064120758631646e-16
0.51100000000000001	4.0624439953529443e-16
0.51200000000000001	4.0607686281064579e-16
0.51300000000000001	4.0590933459234621e-16
0.51400000000000001	4.0574168394994553e-16
0.51500000000000001	4.0557378011915232e-16
0.51600000000000001	4.0540549250156948e-16
0.51700000000000002	4.0523669066443226e-16
0.51800000000000002	4.0506724434034494e-16
0.51900000000000002	4.0489702342701952e-16
0.52000000000000002	4.0472589798701262e-16
0.52100000000000002	4.0449582099891112e-16
0.52200000000000002	4.0426469431026941e-16
0.52300000000000002	4.0403258344867398e-16
0.52400000000000002	4.0379955385170597e-16
0.52500000000000002	4.0356567086709536e-16
0.52600000000000002	4.0333099975287572e-16
0.52700000000000002	4.0309560567753723e-16
0.52800000000000002	4.0285955372018134e-16
0.52900000000000003	4.0262290887067269e-16
0.53000000000000003	4.0238573602979332e-16
0.53100000000000003	4.0214810000939418e-16
0.53200000000000003	4.0191006553254776e-16
0.53300000000000003	4.0167169723370044e-16
0.53400000000000003	4.0143305965882356e-16
0.53500000000000003	4.0119421726556508e-16
0.53600000000000003	4.0095523442340069e-16
0.53700000000000003	4.0071617541378375e-16
0.53800000000000003	4.0047710443029716e-16
0.53900000000000003	4.0023808557880181e-16
0.54000000000000004	3.9999918287758777e-16
0.54100000000000004	3.9974919648592279e-16
0.54200000000000004	3.9949947577516153e-16
0.54300000000000004	3.992500844516836e-16
0.54400000000000004	3.9900108612779921e-16
0.54500000000000004	3.9875254432192303e-16
0.54600000000000004	3.9850452245874671e-16
0.54700000000000004	3.9825708386941241e-16
0.54800000000000004	3.9801029179168508e-16
0.54900000000000004	3.9776420937012401e-16
0.55000000000000004	3.9751889965625509e-16
0.55100000000000005	3.9727442560874176e-16
0.55200000000000005	3.9703085009355595e-16
0.55300000000000005	3.9678823588414841e-16
0.55400000000000005	3.9654664566161953e-16
0.55500000000000005	3.9630614201488819e-16
0.55600000000000005	3.9606678744086199e-16
0.55700000000000005	3.958286443446055e-16
0.55800000000000005	3.9559177503950942e-16
0.55900000000000005	3.9535624174746256e-16
0.56000000000000005	3.9514742767104584e-16
0.56100000000000005	3.9493835193021929e-16
0.56200000000000006	3.9473069023275354e-16
0.56299999999999994	3.9452441200097852e-16
0.56399999999999995	3.9431948670256976e-16
0.56499999999999995	3.9411588385046576e-16
0.56599999999999995	3.9391357300278333e-16
0.56699999999999995	3.9371252376273437e-16
0.56799999999999995	3.9351270577854193e-16
0.56899999999999995	3.9331408874335747e-16
0.56999999999999995	3.9311664239517747e-16
0.57099999999999995	3.9292033651676039e-16
0.57199999999999995	3.9272514093554438e-16
0.57299999999999995	3.9253102552356403e-16
0.57399999999999995	3.9233796019736891e-16
0.57499999999999996	3.9214591491794064e-16
0.57599999999999996	3.9195485969061092e-16
0.57699999999999996	3.9176476456498054e-16
0.57799999999999996	3.9157559963483648e-16
0.57899999999999996	3.9138733503807173e-16
0.57999999999999996	3.9119994095660275e-16
0.58099999999999996	3.91017113197244e-16
0.58199999999999996	3.9083509023724879e-16
0.58299999999999996	3.90653842419121e-16
0.58399999999999996	3.9047334012789516e-16
0.58499999999999996	3.9029355379106029e-16
0.58599999999999997	3.9011445387848368e-16
0.58699999999999997	3.8993601090233525e-16
0.58799999999999997	3.8975819541701157e-16
0.58899999999999997	3.8958097801906089e-16
0.58999999999999997	3.894043293471068e-16
0.59099999999999997	3.892282200817739e-16
0.59199999999999997	3.8905262094561196e-16
0.59299999999999997	3.8887750270302191e-16
0.59399999999999997	3.8870283616017967e-16
0.59499999999999997	3.8852859216496351e-16
0.59599999999999997	3.8835474160687784e-16
0.59699999999999998	3.8818125541697984e-16
0.59799999999999998	3.8800810456780506e-16
0.59899999999999998	3.8783526007329373e-16
0.59999999999999998	3.8766269298871686e-16
0.60099999999999998	3.8749384546883612e-16
0.60199999999999998	3.8731616700910404e-16
0.60299999999999998	3.8713868017021962e-16
0.60399999999999998	3.8696138483961632e-16
0.60499999999999998	3.8678428090488397e-16
0.60599999999999998	3.8660736825376815e-16
0.60699999999999998	3.864306467741702e-16
0.60799999999999998	3.8625411635414676e-16
0.60899999999999999	3.8607777688190989e-16
0.60999999999999999	3.8590162824582605e-16
0.61099999999999999	3.8572567033441667e-16
0.61199999999999999	3.8554990303635722e-16
0.61299999999999999	3.8537432624047731e-16
0.61399999999999999	3.8519893983576046e-16
0.61499999999999999	3.8502374371134356e-16
0.61599999999999999	3.8484873775651677e-16
0.61699999999999999	3.8467392186072342e-16
0.61799999999999999	3.8449929591355922e-16
0.61899999999999999	3.8432485980477252e-16
0.62	3.8415061342426403e-16
0.621	3.8397902720461942e-16
0.622	3.838076265846208e-16
0.623	3.8363641146224467e-16
0.624	3.8346538173560536e-16
0.625	3.8329453730295515e-16
0.626	3.8312387806268388e-16
0.627	3.8295340391331868e-16
0.628	3.8278311475352363e-16
0.629	3.8261301048209999e-16
0.63	3.8244309099798536e-16
0.63100000000000001	3.8227335620025392e-16
0.63200000000000001	3.8210380598811587e-16
0.63300000000000001	3.8193444026091753e-16
0.63400000000000001	3.8176525891814078e-16
0.63500000000000001	3.815962618594029e-16
0.63600000000000001	3.8142744898445679e-16
0.63700000000000001	3.8125882019319004e-16
0.63800000000000001	3.8109037538562521e-16
0.63900000000000001	3.8092211446191931e-16
0.64000000000000001	3.8075403732236375e-16
0.64100000000000001	3.8058844241086934e-16
0.64200000000000002	3.8042302754175059e-16
0.64300000000000002	3.8025779262253041e-16
0.64400000000000002	3.8009273756085389e-16
0.64500000000000002	3.7992786226448788e-16
0.64600000000000002	3.7976316664131958e-16
0.64700000000000002	3.7959358839601283e-16
0.64800000000000002	3.7942418839205801e-16
0.64900000000000002	3.7925498028586583e-16
0.65000000000000002	3.7908597771586109e-16
0.65100000000000002	3.7891719430251154e-16
0.65200000000000002	3.7874864364835748e-16
0.65300000000000002	3.7858033933804179e-16
0.65400000000000003	3.7841229493833869e-16
0.65500000000000003	3.7824452399818371e-16
0.65600000000000003	3.7807704004870226e-16
0.65700000000000003	3.7790985660323967e-16
0.65800000000000003	3.7774298715739007e-16
0.65900000000000003	3.7757644518902509e-16
0.66000000000000003	3.7741024415832373e-16
0.66100000000000003	3.7724655167605297e-16
0.66200000000000003	3.7708322372115882e-16
0.66300000000000003	3.7692027371060909e-16
0.66400000000000003	3.7675771504408736e-16
0.66500000000000004	3.76595561104021e-16
0.66600000000000004	3.7643382525560857e-16
0.66700000000000004	3.7627252084684769e-16
0.66800000000000004	3.7611166120856287e-16
0.66900000000000004	3.7595125965443321e-16
0.67000000000000004	3.7579132948101915e-16
0.67100000000000004	3.7563188396779114e-16
0.67200000000000004	3.7547293637715598e-16
0.67300000000000004	3.7531449995448535e-16
0.67400000000000004	3.7515658792814197e-16
0.67500000000000004	3.7499921350950779e-16
0.67600000000000005	3.7484238989301104e-16
0.67700000000000005	3.7468613025615284e-16
0.67800000000000005	3.7453044775953515e-16
0.67900000000000005	3.7437535554688742e-16
0.68000000000000005	3.7422086674509348e-16
0.68100000000000005	3.7406900539062199e-16
0.68200000000000005	3.7391777073703721e-16
0.68300000000000005	3.7376717587395792e-16
0.68400000000000005	3.7361723387452884e-16
0.68500000000000005	3.7346795779544725e-16
0.68600000000000005	3.7331936067698799e-16
0.68700000000000006	3.7317145554303015e-16
0.68799999999999994	3.7302425540108234e-16
0.68899999999999995	3.7287777324230812e-16
0.68999999999999995	3.7273202204155233e-16
0.69099999999999995	3.725870147573664e-16
0.69199999999999995	3.7244276433203384e-16
0.69299999999999995	3.7229928369159588e-16
0.69399999999999995	3.7215658574587665e-16
0.69499999999999995	3.7201468338850996e-16
0.69599999999999995	3.7188533416155462e-16
0.69699999999999995	3.7175679890131292e-16
0.69799999999999995	3.7162906284272117e-16
0.69899999999999995	3.7150211123921044e-16
0.69999999999999996	3.7137592936267797e-16
0.70099999999999996	3.712523807410322e-16
0.70199999999999996	3.7112957002792652e-16
0.70299999999999996	3.7100748256372167e-16
0.70399999999999996	3.7088610370681712e-16
0.70499999999999996	3.707654188336227e-16
0.70599999999999996	3.7064541333853129e-16
0.70699999999999996	3.705260726338906e-16
0.70799999999999996	3.7040738214997642e-16
0.70899999999999996	3.702893273349643e-16
0.70999999999999996	3.7017189365490283e-16
0.71099999999999997	3.7005506659368519e-16
0.71199999999999997	3.6993883165302314e-16
0.71299999999999997	3.6982317435241815e-16
0.71399999999999997	3.6970808022913549e-16
0.71499999999999997	3.6959353483817614e-16
0.71599999999999997	3.6947952375224996e-16
0.71699999999999997	3.6936603256174833e-16
0.71799999999999997	3.6925304687471747e-16
0.71899999999999997	3.69140552316831e-16
0.71999999999999997	3.6902853453136315e-16
0.72099999999999997	3.6891873543888628e-16
0.72199999999999998	3.6880938234266079e-16
0.72299999999999998	3.6870046094670371e-16
0.72399999999999998	3.6859195697224366e-16
0.72499999999999998	3.6848385615769526e-16
0.72599999999999998	3.6837614425863235e-16
0.72699999999999998	3.6826880704776378e-16
0.72799999999999998	3.681618303149057e-16
0.72899999999999998	3.6805519986695756e-16
0.72999999999999998	3.6794890152787531e-16
0.73099999999999998	3.6784292113864651e-16
0.73199999999999998	3.6773724455726438e-16
0.73299999999999998	3.6763185765870218e-16
0.73399999999999999	3.6752674633488806e-16
0.73499999999999999	3.6742189649467957e-16
0.73599999999999999	3.6731729406383807e-16
0.73699999999999999	3.6721292498500353e-16
0.73799999999999999	3.6710877521766914e-16
0.73899999999999999	3.6700483073815625e-16
0.73999999999999999	3.6690107753958894e-16
0.74099999999999999	3.6679913891305121e-16
0.74199999999999999	3.6669736171539318e-16
0.74299999999999999	3.6659573199366619e-16
0.74399999999999999	3.664942358113707e-16
0.745	3.6639285924843294e-16
0.746	3.662915884011797e-16
0.747	3.6619040938231586e-16
0.748	3.6608260875459432e-16
0.749	3.6597487157777168e-16
0.75	3.6586719779584412e-16
0.751	3.6575958735287347e-16
0.752	3.6565204019298788e-16
0.753	3.6554455626038076e-16
0.754	3.6543713549931119e-16
0.755	3.6532977785410389e-16
0.75600000000000001	3.6522248326914894e-16
0.75700000000000001	3.6511525168890172e-16
0.75800000000000001	3.6500808305788267e-16
0.75900000000000001	3.6490097732067756e-16
0.76000000000000001	3.6479393442193707e-16
0.76100000000000001	3.6468848701365595e-16
0.76200000000000001	3.6458310054905674e-16
0.76300000000000001	3.6447777497532075e-16
0.76400000000000001	3.6437251023969019e-16
0.76500000000000001	3.6426730628946853e-16
0.76600000000000001	3.6416216307201994e-16
0.76700000000000002	3.6405708053476923e-16
0.76800000000000002	3.6395205862520201e-16
0.76900000000000002	3.6384709729086441e-16
0.77000000000000002	3.6374219647936315e-16
0.77100000000000002	3.636373561383651e-16
0.77200000000000002	3.6353257621559777e-16
0.77300000000000002	3.6342785665884872e-16
0.77400000000000002	3.6332319741596563e-16
0.77500000000000002	3.632185984348564e-16
0.77600000000000002	3.6311405966348871e-16
0.77700000000000002	3.6300958104989023e-16
0.77800000000000002	3.6290516254214844e-16
0.77900000000000003	3.6280080408841048e-16
0.78000000000000003	3.6269650563688305e-16
0.78100000000000003	3.6259385939227353e-16
0.78200000000000003	3.62491271230774e-16
0.78300000000000003	3.6238874110309836e-16
0.78400000000000003	3.6228626896001622e-16
0.78500000000000003	3.6218385475235274e-16
0.78600000000000003	3.6208149843098883e-16
0.78700000000000003	3.6197919994686081e-16
0.78800000000000003	3.6187695925096043e-16
0.78900000000000003	3.6177477629433481e-16
0.79000000000000004	3.6167265102808646e-16
0.79100000000000004	3.6157058340337281e-16
0.79200000000000004	3.6146857337140666e-16
0.79300000000000004	3.6136662088345594e-16
0.79400000000000004	3.6126472589084313e-16
0.79500000000000004	3.6116288834494592e-16
0.79600000000000004	3.6106110819719679e-16
0.79700000000000004	3.6095938539908292e-16
0.79800000000000004	3.6085771990214597e-16
0.79900000000000004	3.6075611165798257e-16
0.80000000000000004	3.6065456061824338e-16
0.80100000000000005	3.6055512390185072e-16
0.80200000000000005	3.6045574200209572e-16
0.80300000000000005	3.6035641487366393e-16
0.80400000000000005	3.6025714247128668e-16
0.80500000000000005	3.6015792474974936e-16
0.80600000000000005	3.6005876166388574e-16
0.80700000000000005	3.5995965316857954e-16
0.80800000000000005	3.5986059921876386e-16
0.80900000000000005	3.5976159976942139e-16
0.81000000000000005	3.5966265477558443e-16
0.81100000000000005	3.5956376419233495e-16
0.81200000000000006	3.5946492797480392e-16
0.81299999999999994	3.5936614607817196e-16
0.81399999999999995	3.5926741845766875e-16
0.81499999999999995	3.5916874506857322e-16
0.81599999999999995	3.5907012586621326e-16
0.81699999999999995	3.5897156080596608e-16
0.81799999999999995	3.5887304984325772e-16
0.81899999999999995	3.5877459293356325e-16
0.81999999999999995	3.5867619003240635e-16
0.82099999999999995	3.5857898110929826e-16
0.82199999999999995	3.5848182486331045e-16
0.82299999999999995	3.5838472125163615e-16
0.82399999999999995	3.5828767023151502e-16
0.82499999999999996	3.5819067176023315e-16
0.82599999999999996	3.5809372579512272e-16
0.82699999999999996	3.5799683229356223e-16
0.82799999999999996	3.5789999121297606e-16
0.82899999999999996	3.5780320251083504e-16
0.82999999999999996	3.5770646614465551e-16
0.83099999999999996	3.5760978207200006e-16
0.83199999999999996	3.5751315025047713e-16
0.83299999999999996	3.5741657063774082e-16
0.83399999999999996	3.5732004319149131e-16
0.83499999999999996	3.5722356786947401e-16
0.83599999999999997	3.5712714462948019e-16
0.83699999999999997	3.5703077342934659e-16
0.83799999999999997	3.5693445422695571e-16
0.83899999999999997	3.5683818698023516e-16
0.83999999999999997	3.5674197164715808e-16
0.84099999999999997	3.5664453334549864e-16
0.84199999999999997	3.5654714825669832e-16
0.84299999999999997	3.5644981633717829e-16
0.84399999999999997	3.5635253754340722e-16
0.84499999999999997	3.5625531183190123e-16
0.84599999999999997	3.56158139159224e-16
0.84699999999999998	3.5606101948198657e-16
0.84799999999999998	3.5596395275684719e-16
0.84899999999999998	3.5586693894051155e-16
0.84999999999999998	3.5576997798973241e-16
0.85099999999999998	3.5567306986130944e-16
0.85199999999999998	3.5557621451208977e-16
0.85299999999999998	3.5547941189896724e-16
0.85399999999999998	3.5538266197888271e-16
0.85499999999999998	3.5528596470882388e-16
0.85599999999999998	3.5518932004582546e-16
0.85699999999999998	3.5509272794696846e-16
0.85799999999999998	3.5499618836938102e-16
0.85899999999999999	3.5489970127023745e-16
0.85999999999999999	3.5480326660675901e-16
0.86099999999999999	3.5470330067688178e-16
0.86199999999999999	3.5460339106200095e-16
0.86299999999999999	3.5450353771454344e-16
0.86399999999999999	3.5440007800103833e-16
0.86499999999999999	3.5429667276992253e-16
0.86599999999999999	3.5419332760101629e-16
0.86699999999999999	3.5409004806786206e-16
0.86799999999999999	3.5398683973773332e-16
0.86899999999999999	3.5388370817164344e-16
0.87	3.5378065892435407e-16
0.871	3.5367769754438435e-16
0.872	3.5357482957402e-16
0.873	3.534720605493208e-16
0.874	3.533693960001307e-16
0.875	3.5326684145008604e-16
0.876	3.5316440241662386e-16
0.877	3.5306208441099112e-16
0.878	3.5295989293825334e-16
0.879	3.5285783349730313e-16
0.88	3.5275591158086841e-16
0.88100000000000001	3.5265026509178419e-16
0.88200000000000001	3.5254477157406824e-16
0.88300000000000001	3.5243943649303455e-16
0.88400000000000001	3.5233426530763802e-16
0.88500000000000001	3.5222926347048394e-16
0.88600000000000001	3.5212443642783699e-16
0.88700000000000001	3.5201978961963044e-16
0.88800000000000001	3.5191532847947555e-16
0.88900000000000001	3.518110584346703e-16
0.89000000000000001	3.5170698490620922e-16
0.89100000000000001	3.5160311330879213e-16
0.89200000000000002	3.5149944905083313e-16
0.89300000000000002	3.513959975344701e-16
0.89400000000000002	3.5129276415557354e-16
0.89500000000000002	3.5118975430375584e-16
0.89600000000000002	3.5108697336238013e-16
0.89700000000000002	3.5098442670856951e-16
0.89800000000000002	3.5088211971321603e-16
0.89900000000000002	3.507800577409897e-16
0.90000000000000002	3.5067824615034757e-16
0.90100000000000002	3.5057505181842696e-16
0.90200000000000002	3.5047212047649853e-16
0.90300000000000002	3.5036945745901602e-16
0.90400000000000003	3.5026706809416348e-16
0.90500000000000003	3.501649577038635e-16
0.90600000000000003	3.5006313160378646e-16
0.90700000000000003	3.4996159510336028e-16
0.90800000000000003	3.4986035350577913e-16
0.90900000000000003	3.497594121080124e-16
0.91000000000000003	3.4965877620081454e-16
0.91100000000000003	3.4955845106873336e-16
0.91200000000000003	3.4945844199011965e-16
0.91300000000000003	3.493587542371362e-16
0.91400000000000003	3.4925939307576669e-16
0.91500000000000004	3.4916036376582482e-16
0.91600000000000004	3.4906167156096329e-16
0.91700000000000004	3.4896332170868317e-16
0.91800000000000004	3.4886531945034212e-16
0.91900000000000004	3.4876767002116437e-16
0.92000000000000004	3.4867037865024902e-16
0.92100000000000004	3.4857143889597624e-16
0.92200000000000004	3.4847286995329544e-16
0.92300000000000004	3.4837467702445012e-16
0.92400000000000004	3.482768653054844e-16
0.92500000000000004	3.4817943998625269e-16
0.92600000000000005	3.4808240625042854e-16
0.92700000000000005	3.4798576927551437e-16
0.92800000000000005	3.4788953423284909e-16
0.92900000000000005	3.4779830220241042e-16
0.93000000000000005	3.4770748373065698e-16
0.93100000000000005	3.4761707791771176e-16
0.93200000000000005	3.4752708386476785e-16
0.93300000000000005	3.4743750067408646e-16
0.93400000000000005	3.4734832744899523e-16
0.93500000000000005	3.4725956329388686e-16
0.93600000000000005	3.4717120731421764e-16
0.93700000000000006	3.4708325861650542e-16
0.93799999999999994	3.4699571630832867e-16
0.93899999999999995	3.4690857949832421e-16
0.93999999999999995	3.4682184729618624e-16
0.94099999999999995	3.4673017561802601e-16
0.94199999999999995	3.4663891274877014e-16
0.94299999999999995	3.4654805777711553e-16
0.94399999999999995	3.4645760979289458e-16
0.94499999999999995	3.4636756788707348e-16
0.94599999999999995	3.4627793115175044e-16
0.94699999999999995	3.4618869868015396e-16
0.94799999999999995	3.46099869566641e-16
0.94899999999999995	3.4601144290669538e-16
0.94999999999999996	3.4592341779692565e-16
0.95099999999999996	3.4583579333506388e-16
0.95199999999999996	3.4574856861996354e-16
0.95299999999999996	3.4566174275159778e-16
0.95399999999999996	3.4557531483105779e-16
0.95499999999999996	3.4548928396055117e-16
0.95599999999999996	3.4540364924340004e-16
0.95699999999999996	3.4531840978403897e-16
0.95799999999999996	3.4523356468801433e-16
0.95899999999999996	3.4514911306198117e-16
0.95999999999999996	3.450650540137026e-16
0.96099999999999997	3.4496972429580592e-16
0.96199999999999997	3.4487479901633507e-16
0.96299999999999997	3.4478027723279403e-16
0.96399999999999997	3.4468615800398133e-16
0.96499999999999997	3.4459244038998744e-16
0.96599999999999997	3.4449912345219287e-16
0.96699999999999997	3.4440620625326554e-16
0.96799999999999997	3.4431368785715919e-16
0.96899999999999997	3.4422156732911031e-16
0.96999999999999997	3.4412984373563697e-16
0.97099999999999997	3.4403851614453564e-16
0.97199999999999998	3.4394758362487975e-16
0.97299999999999998	3.4385704524701692e-16
0.97399999999999998	3.4376690008256749e-16
0.97499999999999998	3.4367714720442153e-16
0.97599999999999998	3.4358778568673732e-16
0.97699999999999998	3.4349881460493873e-16
0.97799999999999998	3.4341023303571342e-16
0.97899999999999998	3.4332204005701049e-16
0.97999999999999998	3.4323423474803811e-16
0.98099999999999998	3.4313322376259468e-16
0.98199999999999998	3.430326158527894e-16
0.98299999999999998	3.4293241003619939e-16
0.98399999999999999	3.4283260533189648e-16
0.98499999999999999	3.4273320076044531e-16
0.98599999999999999	3.4263419534389976e-16
0.98699999999999999	3.4253558810580055e-16
0.98799999999999999	3.4243737807117215e-16
0.98899999999999999	3.4233956426652022e-16
0.98999999999999999	3.422421457198286e-16
0.99099999999999999	3.4214512146055643e-16
0.99199999999999999	3.4204849051963573e-16
0.99299999999999999	3.4195225192946829e-16
0.99399999999999999	3.418564047239228e-16
0.995	3.4176094793833242e-16
0.996	3.4166588060949172e-16
0.997	3.4157120177565414e-16
0.998	3.4147691047652902e-16
0.999	3.4138373811330938e-16
1	3.4129095052418831e-16
1.1000000000000001	3.3066005875691794e-16
1.2	3.1892488758809956e-16
1.3	3.0879406368758852e-16
1.3999999999999999	2.9854288128456551e-16
1.5	2.8853199529823755e-16
1.6000000000000001	2.8064796093331964e-16
1.7	2.7550511304008258e-16
1.8	2.7201681398823364e-16
1.8999999999999999	2.6932909365116844e-16
2	2.7145360972543794e-16
2.1000000000000001	2.7586207731818066e-16
2.2000000000000002	2.8275495907387686e-16
2.2999999999999998	2.8840630971076086e-16
2.3999999999999999	2.930102670826239e-16
2.5	3.0672139878031063e-16
2.6000000000000001	3.2366015874496282e-16
2.7000000000000002	3.4174899359393537e-16
2.7999999999999998	3.5751333898792381e-16
2.8999999999999999	3.9005248469250527e-16
3	4.0725220205979768e-16
3.1000000000000001	4.3883350848629325e-16
3.2000000000000002	4.7685854518677316e-16
3.2999999999999998	5.1550581933451145e-16
3.3999999999999999	5.44963497113869e-16
3.5	5.9732313984405318e-16
3.6000000000000001	6.2091607410746961e-16
3.7000000000000002	6.4988958741206269e-16
3.7999999999999998	6.7088550444964987e-16
3.8999999999999999	6.8167887179081481e-16
4	6.9549806736028999e-16
4.0999999999999996	7.0727172126344341e-16
4.2000000000000002	7.1179663336673456e-16
4.2999999999999998	7.090531918083929e-16
4.4000000000000004	7.0467880210987718e-16
4.5	7.0461525963066308e-16
4.5999999999999996	7.0678555319870141e-16
4.7000000000000002	7.1057292673734899e-16
4.7999999999999998	7.1779706912090029e-16
4.9000000000000004	7.2889148145221032e-16
5	7.4369170353874152e-16
5.0999999999999996	7.6277439275035e-16
5.2000000000000002	7.8752542959186993e-16
5.2999999999999998	8.1722711737017637e-16
5.4000000000000004	8.4960814720431566e-16
5.5	8.8495477949909033e-16
5.5999999999999996	9.2377689991688814e-16
5.7000000000000002	9.6726632336694779e-16
5.7999999999999998	1.0159062200902882e-15
5.9000000000000004	1.0677375386334777e-15
6	1.1220494084018984e-15
6.0999999999999996	1.1772796876596794e-15
6.2000000000000002	1.2332036409555884e-15
6.2999999999999998	1.2901307118718636e-15
6.4000000000000004	1.3477999671176744e-15
6.5	1.4059018891577956e-15
6.5999999999999996	1.4641070131075534e-15
6.7000000000000002	1.5220636772490979e-15
6.7999999999999998	1.5793941987025534e-15
6.9000000000000004	1.6354650162988534e-15
7	1.6891666753730352e-15
7.0999999999999996	1.7413609341346872e-15
7.2000000000000002	1.7920099156803461e-15
7.2999999999999998	1.8410872380136816e-15
7.4000000000000004	1.8885704142968151e-15
7.5	1.9349277134404757e-15
7.5999999999999996	1.9795492322915279e-15
7.7000000000000002	2.0222816120082781e-15
7.7999999999999998	2.0629640239458649e-15
7.9000000000000004	2.1014327039533482e-15
8	2.1366864849169695e-15
8.0999999999999996	2.1686757558944672e-15
8.1999999999999993	2.1984115887768813e-15
8.3000000000000007	2.2261086282866766e-15
8.4000000000000004	2.2520062479256409e-15
8.5	2.2763638275936471e-15
8.5999999999999996	2.3010177843639147e-15
8.6999999999999993	2.3260914867810712e-15
8.8000000000000007	2.34983390122318e-15
8.9000000000000004	2.3720198725601048e-15
9	2.3924212115873228e-15
9.0999999999999996	2.4108072599473411e-15
9.1999999999999993	2.4269457689629837e-15
9.3000000000000007	2.4374955606947627e-15
9.4000000000000004	2.4457544279939701e-15
9.5	2.4519691191475199e-15
9.5999999999999996	2.4564035322361008e-15
9.6999999999999993	2.4593377246752893e-15
9.8000000000000007	2.4610591971767697e-15
9.9000000000000004	2.4629816167515727e-15
10	2.4668914082482135e-15
10.5	2.4744152914313539e-15
11	2.4521172016124942e-15
11.5	2.3905416370847843e-15
12	2.328655533339379e-15
12.5	2.2705378091957902e-15
13	2.2194724529727637e-15
13.5	2.1773192530867332e-15
14	2.1440210539049698e-15
14.5	2.1189811773140562e-15
15	2.102213159058876e-15
15.5	2.0936258541102363e-15
16	2.0924269415489636e-15
16.5	2.09759810024373e-15
17	2.1080598317006707e-15
17.5	2.1224571027692007e-15
18	2.1394052809590705e-15
18.5	2.1579328155937727e-15
19	2.1773610184274769e-15
19.5	2.1969388611446573e-15
20	2.2158719894232242e-15
20.5	2.2334938520884126e-15
21	2.2491890448640275e-15
21.5	2.2622869270649429e-15
22	2.2722597258051261e-15
22.5	2.2789680194749026e-15
23	2.2825619251321415e-15
23.5	2.2832907667289361e-15
24	2.281469632805275e-15
24.5	2.2775208682726449e-15
25	2.2719083157405461e-15
25.5	2.2649736766729447e-15
26	2.2569402317643918e-15
26.5	2.2480384660950664e-15
27	2.2386249171790673e-15
27.5	2.2291143898649463e-15
28	2.2198662467744332e-15
28.5	2.2111764452816281e-15
29	2.2032846273826224e-15
29.5	2.196376387393323e-15
30	2.1905224953266905e-15
30.5	2.1856742089730919e-15
31	2.1817185018407049e-15
31.5	2.1785848120837661e-15
32	2.176286131907091e-15
32.5	2.174875762060488e-15
33	2.174387061555102e-15
33.5	2.174828522132165e-15
34	2.1761917057471598e-15
34.5	2.178430482261303e-15
35	2.1814568315197192e-15
35.5	2.1851089197096589e-15
36	2.1891884610806841e-15
36.5	2.1934194974308032e-15
37	2.1976669200668917e-15
37.5	2.2019308243667629e-15
38	2.2062113064498756e-15
38.5	2.2105084631845569e-15
39	2.2148223921953107e-15
39.5	2.2191531918702062e-15
40	2.2235009613683646e-15
40.5	2.2278658006275211e-15
41	2.2322478103716867e-15
41.5	2.2366470921188925e-15
42	2.2410637481890312e-15
42.5	2.2454978817117902e-15
43	2.2499495966346782e-15
43.5	2.2544189977311471e-15
44	2.2589061906088138e-15
44.5	2.2634112817177762e-15
45	2.2679343783590318e-15
45.5	2.2724755886929985e-15
46	2.2770350217481336e-15
46.5	2.2816127874296595e-15
47	2.2862089965283982e-15
47.5	2.2908237607297036e-15
48	2.2954571926225138e-15
48.5	2.3001094057085027e-15
49	2.3047805144113522e-15
49.5	2.3094706340861302e-15
50	2.3141798810287879e-15
