//1	2	1	1	0	0	0	0
//Energy [eV]	ET XS[cm^2]
0.01	4.1520233866862515e-16
0.010231389829037846	4.1520233866862515e-16
0.010468133783373915	4.1520233866862515e-16
0.010710355752021934	4.1520233866862515e-16
0.010958182490661422	4.1520233866862515e-16
0.011211743687969395	4.1520233866862515e-16
0.011471172033486934	4.1520233866862515e-16
0.01173660328705616	4.1520233866862515e-16
0.012008176349863856	4.1520233866862515e-16
0.012286033337128993	4.1520233866862515e-16
0.01257031965247215	4.1520233866862515e-16
0.01286118406400581	4.1520233866862515e-16
0.013158778782185274	4.1520233866862515e-16
0.013463259539460945	4.1520233866862515e-16
0.013774785671773747	4.1520233866862515e-16
0.014093520201936218	4.1520233866862515e-16
0.014419629924942971	4.1520233866862515e-16
0.014753285495255128	4.1520233866862515e-16
0.01509466151610449	4.1520233866862515e-16
0.015443936630864056	4.1520233866862515e-16
0.015801293616532753	4.1520233866862515e-16
0.016166919479383385	4.1520233866862515e-16
0.0165410055528237	4.1520233866862515e-16
0.016923747597521903	4.1520233866862515e-16
0.01731534590384893	4.1520233866862515e-16
0.017716005396691208	4.1520233866862515e-16
0.01812593574268861	4.1520233866862515e-16
0.018545351459953785	4.1520233866862515e-16
0.01897447203033033	4.1520233866862515e-16
0.019413522014248487	4.1520233866862515e-16
0.01986273116823844	4.1520233866862515e-16
0.02032233456516278	4.1520233866862515e-16
0.020792572717231082	4.1520233866862515e-16
0.021273691701860793	4.1520233866862515e-16
0.021765943290450535	4.1520233866862515e-16
0.022269585080133016	4.1520233866862515e-16
0.0227848806285766	4.1520233866862515e-16
0.02331209959190601	4.1520233866862515e-16
0.023851517865814447	4.1520233866862515e-16
0.024403417729940854	4.1520233866862515e-16
0.024968087995587872	4.1520233866862515e-16
0.025545824156857973	4.1520233866862515e-16
0.026136928545286597	4.1520233866862515e-16
0.02674171048805344	4.1520233866862515e-16
0.027360486469854464	4.1520233866862515e-16
0.02799358029851966	4.1520233866862515e-16
0.028641323274462845	4.1520233866862515e-16
0.02930405436405241	4.1520233866862515e-16
0.029982120376993795	4.1520233866862515e-16
0.030675876147816267	4.1520233866862515e-16
0.03138568472155922	4.1520233866862515e-16
0.032111917543754954	4.1520233866862515e-16
0.03285495465480766	4.1520233866862515e-16
0.03361518488886987	4.1520233866862515e-16
0.034393006077320994	4.1520233866862515e-16
0.03518882525695388	4.1520233866862515e-16
0.036003058882978806	4.1520233866862515e-16
0.03683613304695602	4.1520233866862515e-16
0.037688483699771076	4.1520233866862515e-16
0.03856055687976966	4.1520233866862515e-16
0.03945280894617107	4.1520233866862515e-16
0.040365706817882804	4.1520233866862515e-16
0.04129972821784098	4.1520233866862515e-16
0.04225536192300455	4.1520233866862515e-16
0.04323310802013421	4.1520233866862515e-16
0.0442334781674896	4.1520233866862515e-16
0.04525699586258207	4.1520233866862515e-16
0.04630419671612301	4.1520233866862515e-16
0.04737562873231086	4.1520233866862515e-16
0.048471852595603854	4.1520233866862515e-16
0.04959344196412832	4.1520233866862515e-16
0.050740983769876125	4.1520233866862515e-16
0.05191507852584853	4.1520233866862515e-16
0.05311634064030678	4.1520233866862515e-16
0.054345398738294436	4.1520233866862515e-16
0.05560289599059919	4.1520233866862515e-16
0.05688949045032658	4.1520233866862515e-16
0.05820585539726174	4.1520233866862515e-16
0.05955267969019914	4.1520233866862515e-16
0.06093066812742525	4.1520233866862515e-16
0.062340541815541925	4.1520233866862515e-16
0.06378303854682442	4.1520233866862515e-16
0.06525891318531082	4.1520233866862515e-16
0.06676893806182531	4.1520233866862515e-16
0.06831390337814176	4.1520233866862515e-16
0.0698946176204994	4.1520233866862515e-16
0.07151190798268672	4.1520233866862515e-16
0.07316662079891513	4.1520233866862515e-16
0.07485962198670892	4.1520233866862515e-16
0.07659179750004316	4.1520233866862515e-16
0.0783640537929668	4.1520233866862515e-16
0.08017731829395357	4.1520233866862515e-16
0.0820325398912287	4.1520233866862515e-16
0.08393068942932587	4.1520233866862515e-16
0.0858727602171339	4.1520233866862515e-16
0.08785976854769896	4.1520233866862515e-16
0.08989275423005465	4.1520233866862515e-16
0.09197278113335804	4.1520233866862515e-16
0.09410093774361634	4.1520233866862515e-16
0.09627833773329603	4.1520233866862515e-16
0.09850612054411158	4.1520233866862515e-16
0.10078545198329993	4.1520233866862515e-16
0.10311752483369171	4.1520233866862515e-16
0.10550355947789915	4.1520233866862515e-16
0.10794480453694669	4.1520233866862515e-16
0.11044253752367947	4.1520233866862515e-16
0.11299806551129048	4.1520233866862515e-16
0.11561272581731703	4.1520233866862515e-16
0.11828788670346387	4.1520233866862515e-16
0.12102494809162014	4.1520233866862515e-16
0.12382534229644362	4.1520233866862515e-16
0.1266905347748963	4.1520233866862515e-16
0.12962202489312397	4.1520233866862515e-16
0.13262134671108	4.1520233866862515e-16
0.13569006978530457	4.1520233866862515e-16
0.13882979999028008	4.1520233866862515e-16
0.14204218035879101	4.1520233866862515e-16
0.14532889194172943	4.1520233866862515e-16
0.14869165468779508	4.1520233866862515e-16
0.15213222834355142	4.1520233866862515e-16
0.1556524133743076	4.1520233866862515e-16
0.15925405190630854	4.1520233866862515e-16
0.16293902869072704	4.1520233866862515e-16
0.16670927208996114	4.1520233866862515e-16
0.17056675508675312	4.1520233866862515e-16
0.17451349631665955	4.1520233866862515e-16
0.1785515611244104	4.1520233866862515e-16
0.1826830626447123	4.1520233866862515e-16
0.1869101629080593	4.1520233866862515e-16
0.1912350739721325	4.1520233866862515e-16
0.19566005907937778	4.1520233866862515e-16
0.200187433841369	4.1520233866862515e-16
0.20481956745057694	4.1520233866862515e-16
0.2095588839201764	4.1520233866862515e-16
0.21440786335254167	4.1520233866862515e-16
0.21936904323709314	4.1520233866862515e-16
0.22444501977817582	4.1520233866862515e-16
0.22963844925366278	4.1520233866862515e-16
0.2349520494049949	4.1520233866862515e-16
0.24038860085938624	4.1520233866862515e-16
0.2459509485849364	4.1520233866862515e-16
0.2516420033794129	4.1520233866862515e-16
0.25746474339348324	4.1520233866862515e-16
0.26342221568919233	4.1520233866862515e-16
0.2695175378345018	4.1520233866862515e-16
0.27575389953472446	4.1520233866862515e-16
0.2821345643017104	4.1520233866862515e-16
0.28866287116165457	4.1520233866862515e-16
0.29534223640242147	4.1520233866862515e-16
0.3021761553613026	4.1520233866862515e-16
0.3091682042541393	4.1520233866862515e-16
0.31632204204676967	4.1520233866862515e-16
0.3236414123697801	4.1520233866862515e-16
0.3311301454775612	4.1520233866862515e-16
0.3387921602526944	4.1520233866862515e-16
0.3466314662567177	4.1520233866862515e-16
0.35465216582834574	4.1520233866862515e-16
0.3628584562302382	4.1520233866862515e-16
0.3712546318454434	4.1520233866862515e-16
0.37984508642466597	4.1520233866862515e-16
0.3886343153855331	4.1520233866862515e-16
0.397626918165063	4.1520233866862515e-16
0.406827600626569	4.1520233866862515e-16
0.41624117752225487	4.1520233866862515e-16
0.42587257501279374	4.1520233866862515e-16
0.43572683324520556	4.1520233866862515e-16
0.44580910899038656	4.1520233866862515e-16
0.4561246783416668	4.1520233866862515e-16
0.46667893947580896	4.1520233866862515e-16
0.477477415477896	4.1520233866862515e-16
0.48852575723158237	4.1520233866862515e-16
0.49982974637622263	4.1520233866862515e-16
0.511395298332425	4.1520233866862515e-16
0.5232284653976149	4.1520233866862515e-16
0.5353354399132241	4.1520233866862515e-16
0.5477225575051662	4.1520233866862515e-16
0.5603963003992954	4.1520233866862515e-16
0.5733633008135792	4.1520233866862515e-16
0.5866303444287622	4.1520233866862515e-16
0.6002043739393406	4.1520233866862515e-16
0.6140924926866997	4.1520233866862515e-16
0.6283019683763201	4.1520233866862515e-16
0.6428402368809941	4.1520233866862515e-16
0.6577149061320483	4.1520233866862515e-16
0.6729337601006024	4.1520233866862515e-16
0.6885047628709497	4.1520233866862515e-16
0.7044360628081949	4.1520233866862515e-16
0.7207359968223236	4.1520233866862515e-16
0.7374130947309375	4.1520233866862515e-16
0.7544760837229436	4.1520233866862515e-16
0.7719338929255232	4.1520233866862515e-16
0.7897956580767792	4.1520233866862515e-16
0.8080707263065011	4.1520233866862515e-16
0.8267686610275561	4.1520233866862515e-16
0.845899246940458	4.1520233866862515e-16
0.8654724951537377	4.1520233866862515e-16
0.8854986484227958	4.1520233866862515e-16
0.9059881865099754	4.1520233866862515e-16
0.926951831668661	4.1520233866862515e-16
0.948400554254274	4.1520233866862515e-16
0.9703455784651035	4.1520233866862515e-16
0.9927983882159711	4.1520233866862515e-16
1.0157707331478054	4.1520233866862515e-16
1.0392746347762774	4.1520233866862515e-16
1.0633223927827027	4.1520233866862515e-16
1.087926591450513	4.1520233866862515e-16
1.1131001062506602	4.1520233866862515e-16
1.138856110579395	4.1520233866862515e-16
1.1652080826519624	4.1520233866862515e-16
1.192169812555798	4.1520233866862515e-16
1.2197554094669347	4.1520233866862515e-16
1.2479793090333888	4.1520233866862515e-16
1.2768562809293895	4.1520233866862515e-16
1.306401436584406	4.1520233866862515e-16
1.3366302370910124	4.1520233866862515e-16
1.367558501295743	4.1520233866862515e-16
1.3992024140771504	4.1520233866862515e-16
1.4315785348154157	4.1520233866862515e-16
1.464703806057935	4.1520233866862515e-16
1.4985955623854192	4.1520233866862515e-16
1.533271539483143	4.1520233866862515e-16
1.568749883422103	4.1520233866862515e-16
1.6050491601549213	4.1520233866862515e-16
1.64218836523148	4.1520233866862515e-16
1.6801869337393651	4.1520233866862515e-16
1.7190647504743226	4.1520233866862515e-16
1.7588421603460487	4.1520233866862515e-16
1.7995399790247515	4.1520233866862515e-16
1.8411795038340824	4.1520233866862515e-16
1.8837825248960978	4.1520233866862515e-16
1.927371336534117	4.1520233866862515e-16
1.9719687489394244	4.1520233866862515e-16
2.0175981001079313	4.1520233866862515e-16
2.0642832680530394	4.1520233866862515e-16
2.1120486833010874	4.1520233866862515e-16
2.1609193416759522	4.1520233866862515e-16
2.2109208173794497	4.1520233866862515e-16
2.262079276374414	4.1520233866862515e-16
2.3144214900774474	4.1520233866862515e-16
2.367974849368501	4.1520233866862515e-16
2.4227673789246333	4.1520233866862515e-16
2.478827751885418	4.1520233866862515e-16
2.5361853048577214	4.1520233866862515e-16
2.594870053267654	4.1520233866862515e-16
2.654912707067757	4.1520233866862515e-16
2.7163446868076386	4.1520233866862515e-16
2.7791981400764696	4.1520233866862515e-16
2.8435059583259292	4.1520233866862515e-16
2.9093017940824426	4.1520233866862515e-16
2.976620078557666	4.1520233866862515e-16
3.045496039666474	4.1629210421676167e-16
3.1159657204618605	4.25771723173558e-16
3.1880659979964068	4.3527303179508515e-16
3.261834602620186	4.449526868460126e-16
3.3373101377251877	4.549831449749236e-16
3.414532099946638	4.653901785988274e-16
3.493540899831727	4.760212363704167e-16
3.574377882986606	4.866922981414882e-16
3.657085351712699	4.972170319742934e-16
3.7417065871436606	5.07653243215709e-16
3.82828587189456	5.182388555320959e-16
3.9168685132351286	5.2924919143148595e-16
4.007500866799249	5.409982332773458e-16
4.100230360843018	5.537088407093242e-16
4.195105521064144	5.671982719497238e-16
4.29217599599562	5.811654900199235e-16
4.391492582986998	5.952632797074803e-16
4.493107254786835	6.090936188923555e-16
4.597073186740219	6.223120618552977e-16
4.703444784615647	6.350823901565796e-16
4.812277713075764	6.477713528406668e-16
4.923628924806888	6.608011803223505e-16
5.037556690322574	6.746513636623641e-16
5.154120628456799	6.896246887118201e-16
5.273381737562705	7.056659858048911e-16
5.395402427433298	7.226704633236595e-16
5.5202465519607165	7.405132437358428e-16
5.647979442551211	7.590472481325514e-16
5.778667942313331	7.781008960144065e-16
5.912380441037167	7.974756055361675e-16
6.049186910983003	8.169475129573312e-16
6.189158943498037	8.364945793323339e-16
6.332369786480444	8.564448854917114e-16
6.478894382710258	8.772025667799164e-16
6.628809409067217	8.992278002961518e-16
6.78219331665607	9.230422911772085e-16
6.939126371860337	9.49235224294251e-16
7.099690698346022	9.784267776225267e-16
7.26397032003721	1.0106926185000267e-15
7.432051205086149	1.0456325928381836e-15
7.60402131086069	1.082762554299101e-15
7.77997062997271	1.1215163957907056e-15
7.959991237371595	1.1612376299636116e-15
8.144177338527411	1.2012143501568059e-15
8.332625318728997	1.2409903784244665e-15
8.52543379352271	1.2802223897082813e-15
8.72270366031838	1.3185240261888505e-15
8.924538151189267	1.3554608114552344e-15
9.131042886893809	1.3905456628649299e-15
9.34232593214737	1.4232340327008936e-15
9.558497852172922	1.4529186492485352e-15
9.779671770560213	1.4789238267456228e-15
10.005963428463831	1.5004993141018976e-15
10.23749124517095	1.5170203882235506e-15
10.474376380070606	1.5285946625291535e-15
10.716742796056865	1.5355665613723206e-15
10.964717324399082	1.5383602796444669e-15
11.218429731113195	1.5374885642518005e-15
11.478012784868733	1.533562277380128e-15
11.743602326467233	1.5273008047598946e-15
12.015337339928204	1.5195433465199691e-15
12.293360025220007	1.5110480874834455e-15
12.577815872673643	1.5019419091629976e-15
12.868853739118391	1.4922101010182558e-15
13.166625925779169	1.4818389222968526e-15
13.471288257976301	1.4708157807874947e-15
13.78300016666957	1.4591294297736626e-15
14.101924771888998	1.4467701847467646e-15
14.428228968096196	1.4337301615609365e-15
14.762083511520864	1.4200035378444119e-15
15.103663109518202	1.4055854282164605e-15
15.453146511993866	1.3903613601089771e-15
15.810716604944572	1.3740078492562562e-15
16.176560506162968	1.3561399993201821e-15
16.550869663157112	1.3363243125290922e-15
16.93383995333567	1.314074080070904e-15
17.325671786511332	1.2889493316144363e-15
17.726570209776018	1.2611920405942634e-15
18.136745014802766	1.23140582955984e-15
18.556410847630588	1.2002944335680295e-15
18.985787320989516	1.1686709496700202e-15
19.425099129224783	1.1374688402845916e-15
19.87457616588024	1.1077538801705746e-15
20.334453644002508	1.0806446617183381e-15
20.804972219228905	1.0564998517482425e-15
21.286378115723355	1.0351935712633942e-15
21.778923255026573	1.0165565726890526e-15
22.282865387887473	1.0003767090307908e-15
22.798468229145136	9.863941283299019e-16
23.326001595731803	9.742960372129698e-16
23.865741547869096	9.637109985667972e-16
24.417970533531406	9.542027256779265e-16
24.982977536251905	9.45263332282961e-16
25.561058226348877	9.364060094754317e-16
26.152515115651006	9.275239012118012e-16
26.757657715803024	9.18621969375149e-16
27.37680270023431	9.097053470858926e-16
28.010274069875347	9.007793277019574e-16
28.658403322708516	8.918493548176862e-16
29.321529627242434	8.829210102778814e-16
29.999999999999996	8.74e-16
