//1	2	1	1	0	0	0	0
//Energy[eV]	XS[cm2]
0	3.6644400000000042e-17
0.001	3.6613270891050552e-17
0.002	3.6582141782101056e-17
0.0030000000000000001	3.6551012673151567e-17
0.0040000000000000001	3.6519883564202077e-17
0.0050000000000000001	3.6488754455252581e-17
0.0060000000000000001	3.6457625346303091e-17
0.0070000000000000001	3.6426496237353602e-17
0.0080000000000000002	3.6395367128404106e-17
0.0089999999999999993	3.636423801945461e-17
0.01	3.633310891050512e-17
0.010999999999999999	3.630197980155563e-17
0.012	3.6270850692606134e-17
0.012999999999999999	3.6239721583656645e-17
0.014	3.6208592474707155e-17
0.014999999999999999	3.6177463365757659e-17
0.016	3.6146334256808169e-17
0.017000000000000001	3.6115205147858673e-17
0.017999999999999999	3.6084076038909183e-17
0.019	3.6052946929959688e-17
0.02	3.6021817821010198e-17
0.021000000000000001	3.600846467436947e-17
0.021999999999999999	3.5995111527728741e-17
0.023	3.5981758381088013e-17
0.024	3.5968405234447285e-17
0.025000000000000001	3.5955052087806563e-17
0.025999999999999999	3.5941698941165835e-17
0.027	3.5928345794525106e-17
0.028000000000000001	3.5914992647884378e-17
0.029000000000000001	3.590163950124365e-17
0.029999999999999999	3.5888286354602928e-17
0.031	3.58749332079622e-17
0.032000000000000001	3.5861580061321472e-17
0.033000000000000002	3.5848226914680743e-17
0.034000000000000002	3.5834873768040015e-17
0.035000000000000003	3.5821520621399287e-17
0.035999999999999997	3.5808167474758565e-17
0.036999999999999998	3.5794814328117837e-17
0.037999999999999999	3.5781461181477108e-17
0.039	3.576810803483638e-17
0.040000000000000001	3.5754754888195652e-17
0.041000000000000002	3.5745497104155796e-17
0.042000000000000003	3.5736239320115941e-17
0.042999999999999997	3.5726981536076085e-17
0.043999999999999997	3.571772375203623e-17
0.044999999999999998	3.5708465967996374e-17
0.045999999999999999	3.5699208183956512e-17
0.047	3.5689950399916657e-17
0.048000000000000001	3.5680692615876801e-17
0.049000000000000002	3.5671434831836946e-17
0.050000000000000003	3.566217704779709e-17
0.050999999999999997	3.5652919263757228e-17
0.051999999999999998	3.5643661479717373e-17
0.052999999999999999	3.5634403695677523e-17
0.053999999999999999	3.5625145911637662e-17
0.055	3.5615888127597806e-17
0.056000000000000001	3.560663034355795e-17
0.057000000000000002	3.5597372559518089e-17
0.058000000000000003	3.5588114775478239e-17
0.058999999999999997	3.5578856991438384e-17
0.059999999999999998	3.5569599207398522e-17
0.060999999999999999	3.5562021414664876e-17
0.062	3.5554443621931231e-17
0.063	3.5546865829197585e-17
0.064000000000000001	3.553928803646394e-17
0.065000000000000002	3.5531710243730294e-17
0.066000000000000003	3.5524132450996648e-17
0.067000000000000004	3.5516554658263003e-17
0.068000000000000005	3.5508976865529357e-17
0.069000000000000006	3.5501399072795712e-17
0.070000000000000007	3.5493821280062066e-17
0.070999999999999994	3.548624348732842e-17
0.071999999999999995	3.5478665694594775e-17
0.072999999999999995	3.5471087901861129e-17
0.073999999999999996	3.5463510109127484e-17
0.074999999999999997	3.5455932316393838e-17
0.075999999999999998	3.5448354523660199e-17
0.076999999999999999	3.5440776730926553e-17
0.078	3.5433198938192908e-17
0.079000000000000001	3.5425621145459262e-17
0.080000000000000002	3.5418043352725616e-17
0.081000000000000003	3.5412926066669874e-17
0.082000000000000003	3.5407808780614131e-17
0.083000000000000004	3.5402691494558383e-17
0.084000000000000005	3.539757420850264e-17
0.085000000000000006	3.5392456922446898e-17
0.085999999999999993	3.5387339636391155e-17
0.086999999999999994	3.5382222350335413e-17
0.087999999999999995	3.5377105064279664e-17
0.088999999999999996	3.5371987778223921e-17
0.089999999999999997	3.5366870492168179e-17
0.090999999999999998	3.5361753206112436e-17
0.091999999999999998	3.5356635920056694e-17
0.092999999999999999	3.5351518634000951e-17
0.094	3.5346401347945209e-17
0.095000000000000001	3.5341284061889466e-17
0.096000000000000002	3.5336166775833724e-17
0.097000000000000003	3.5331049489777981e-17
0.098000000000000004	3.5325932203722232e-17
0.099000000000000005	3.532081491766649e-17
0.10000000000000001	3.5315697631610747e-17
0.10100000000000001	3.531236130575701e-17
0.10199999999999999	3.5309024979903273e-17
0.10299999999999999	3.5305688654049536e-17
0.104	3.5302352328195799e-17
0.105	3.5299016002342062e-17
0.106	3.5295679676488331e-17
0.107	3.5292343350634587e-17
0.108	3.5289007024780856e-17
0.109	3.5285670698927113e-17
0.11	3.5282334373073382e-17
0.111	3.5278998047219645e-17
0.112	3.5275661721365908e-17
0.113	3.527232539551217e-17
0.114	3.5268989069658433e-17
0.115	3.5265652743804696e-17
0.11600000000000001	3.5262316417950965e-17
0.11700000000000001	3.5258980092097222e-17
0.11799999999999999	3.5255643766243491e-17
0.11899999999999999	3.5252307440389747e-17
0.12	3.5248971114536016e-17
0.121	3.5246994967089553e-17
0.122	3.524501881964309e-17
0.123	3.5243042672196633e-17
0.124	3.524106652475017e-17
0.125	3.5239090377303713e-17
0.126	3.523711422985725e-17
0.127	3.5235138082410787e-17
0.128	3.5233161934964324e-17
0.129	3.5231185787517867e-17
0.13	3.5229209640071404e-17
0.13100000000000001	3.5227233492624947e-17
0.13200000000000001	3.5225257345178484e-17
0.13300000000000001	3.5223281197732021e-17
0.13400000000000001	3.5221305050285558e-17
0.13500000000000001	3.5219328902839101e-17
0.13600000000000001	3.5217352755392638e-17
0.13700000000000001	3.5215376607946181e-17
0.13800000000000001	3.5213400460499718e-17
0.13900000000000001	3.5211424313053254e-17
0.14000000000000001	3.5209448165606791e-17
0.14099999999999999	3.5208165569914521e-17
0.14199999999999999	3.5206882974222239e-17
0.14299999999999999	3.5205600378529969e-17
0.14399999999999999	3.5204317782837687e-17
0.14499999999999999	3.520303518714541e-17
0.14599999999999999	3.5201752591453134e-17
0.14699999999999999	3.5200469995760858e-17
0.14799999999999999	3.5199187400068582e-17
0.14899999999999999	3.5197904804376306e-17
0.14999999999999999	3.5196622208684036e-17
0.151	3.5195339612991753e-17
0.152	3.5194057017299483e-17
0.153	3.5192774421607201e-17
0.154	3.5191491825914931e-17
0.155	3.5190209230222648e-17
0.156	3.5188926634530378e-17
0.157	3.5187644038838096e-17
0.158	3.5186361443145826e-17
0.159	3.5185078847453544e-17
0.16	3.5183796251761274e-17
0.161	3.5182916908368635e-17
0.16200000000000001	3.5182037564975997e-17
0.16300000000000001	3.5181158221583359e-17
0.16400000000000001	3.5180278878190721e-17
0.16500000000000001	3.5179399534798083e-17
0.16600000000000001	3.5178520191405445e-17
0.16700000000000001	3.5177640848012807e-17
0.16800000000000001	3.5176761504620175e-17
0.16900000000000001	3.5175882161227537e-17
0.17000000000000001	3.5175002817834905e-17
0.17100000000000001	3.5174123474442267e-17
0.17199999999999999	3.5173244131049629e-17
0.17299999999999999	3.5172364787656991e-17
0.17399999999999999	3.5171485444264353e-17
0.17499999999999999	3.5170606100871715e-17
0.17599999999999999	3.5169726757479077e-17
0.17699999999999999	3.5168847414086439e-17
0.17799999999999999	3.5167968070693807e-17
0.17899999999999999	3.5167088727301169e-17
0.17999999999999999	3.5166209383908531e-17
0.18099999999999999	3.5165580394754324e-17
0.182	3.5164951405600123e-17
0.183	3.5164322416445917e-17
0.184	3.5163693427291716e-17
0.185	3.5163064438137516e-17
0.186	3.5162435448983309e-17
0.187	3.5161806459829108e-17
0.188	3.5161177470674902e-17
0.189	3.5160548481520701e-17
0.19	3.5159919492366501e-17
0.191	3.5159290503212294e-17
0.192	3.5158661514058093e-17
0.193	3.5158032524903887e-17
0.19400000000000001	3.515740353574968e-17
0.19500000000000001	3.5156774546595479e-17
0.19600000000000001	3.5156145557441273e-17
0.19700000000000001	3.5155516568287078e-17
0.19800000000000001	3.5154887579132871e-17
0.19900000000000001	3.5154258589978665e-17
0.20000000000000001	3.5153629600824464e-17
0.20100000000000001	3.5153164219983845e-17
0.20200000000000001	3.5152698839143232e-17
0.20300000000000001	3.5152233458302614e-17
0.20399999999999999	3.5151768077461995e-17
0.20499999999999999	3.5151302696621382e-17
0.20599999999999999	3.5150837315780763e-17
0.20699999999999999	3.515037193494015e-17
0.20799999999999999	3.5149906554099531e-17
0.20899999999999999	3.5149441173258912e-17
0.20999999999999999	3.5148975792418306e-17
0.21099999999999999	3.5148510411577687e-17
0.21199999999999999	3.5148045030737068e-17
0.21299999999999999	3.5147579649896455e-17
0.214	3.5147114269055836e-17
0.215	3.5146648888215223e-17
0.216	3.5146183507374604e-17
0.217	3.5145718126533985e-17
0.218	3.5145252745693373e-17
0.219	3.5144787364852754e-17
0.22	3.5144321984012141e-17
0.221	3.5143968023719526e-17
0.222	3.5143614063426917e-17
0.223	3.5143260103134301e-17
0.224	3.5142906142841692e-17
0.22500000000000001	3.5142552182549083e-17
0.22600000000000001	3.5142198222256474e-17
0.22700000000000001	3.5141844261963865e-17
0.22800000000000001	3.514149030167125e-17
0.22900000000000001	3.5141136341378641e-17
0.23000000000000001	3.5140782381086026e-17
0.23100000000000001	3.5140428420793417e-17
0.23200000000000001	3.5140074460500808e-17
0.23300000000000001	3.5139720500208193e-17
0.23400000000000001	3.5139366539915584e-17
0.23499999999999999	3.5139012579622974e-17
0.23599999999999999	3.5138658619330365e-17
0.23699999999999999	3.5138304659037756e-17
0.23799999999999999	3.5137950698745141e-17
0.23899999999999999	3.5137596738452526e-17
0.23999999999999999	3.5137242778159917e-17
0.24099999999999999	3.5136967313819754e-17
0.24199999999999999	3.5136691849479592e-17
0.24299999999999999	3.513641638513943e-17
0.24399999999999999	3.5136140920799267e-17
0.245	3.5135865456459111e-17
0.246	3.5135589992118942e-17
0.247	3.513531452777878e-17
0.248	3.5135039063438617e-17
0.249	3.5134763599098455e-17
0.25	3.5134488134758292e-17
0.251	3.513421267041813e-17
0.252	3.5133937206077967e-17
0.253	3.5133661741737805e-17
0.254	3.5133386277397642e-17
0.255	3.513311081305748e-17
0.25600000000000001	3.5132835348717317e-17
0.25700000000000001	3.5132559884377155e-17
0.25800000000000001	3.5132284420036992e-17
0.25900000000000001	3.513200895569683e-17
0.26000000000000001	3.5131733491356667e-17
0.26100000000000001	3.5131514918839292e-17
0.26200000000000001	3.5131296346321917e-17
0.26300000000000001	3.5131077773804549e-17
0.26400000000000001	3.5130859201287174e-17
0.26500000000000001	3.5130640628769793e-17
0.26600000000000001	3.5130422056252424e-17
0.26700000000000002	3.5130203483735049e-17
0.26800000000000002	3.5129984911217674e-17
0.26900000000000002	3.5129766338700305e-17
0.27000000000000002	3.512954776618293e-17
0.27100000000000002	3.5129329193665555e-17
0.27200000000000002	3.512911062114818e-17
0.27300000000000002	3.5128892048630812e-17
0.27400000000000002	3.5128673476113437e-17
0.27500000000000002	3.5128454903596062e-17
0.27600000000000002	3.5128236331078687e-17
0.27700000000000002	3.5128017758561312e-17
0.27800000000000002	3.5127799186043937e-17
0.27900000000000003	3.5127580613526568e-17
0.28000000000000003	3.5127362041009193e-17
0.28100000000000003	3.512718570784675e-17
0.28199999999999997	3.5127009374684307e-17
0.28299999999999997	3.5126833041521864e-17
0.28399999999999997	3.5126656708359421e-17
0.28499999999999998	3.5126480375196985e-17
0.28599999999999998	3.5126304042034542e-17
0.28699999999999998	3.5126127708872099e-17
0.28799999999999998	3.5125951375709656e-17
0.28899999999999998	3.5125775042547213e-17
0.28999999999999998	3.512559870938477e-17
0.29099999999999998	3.5125422376222327e-17
0.29199999999999998	3.5125246043059884e-17
0.29299999999999998	3.5125069709897447e-17
0.29399999999999998	3.5124893376735004e-17
0.29499999999999998	3.5124717043572561e-17
0.29599999999999999	3.5124540710410118e-17
0.29699999999999999	3.5124364377247675e-17
0.29799999999999999	3.5124188044085232e-17
0.29899999999999999	3.5124011710922789e-17
0.29999999999999999	3.5123835377760347e-17
0.30099999999999999	3.5123691061993158e-17
0.30199999999999999	3.512354674622597e-17
0.30299999999999999	3.5123402430458776e-17
0.30399999999999999	3.5123258114691582e-17
0.30499999999999999	3.5123113798924394e-17
0.30599999999999999	3.5122969483157199e-17
0.307	3.5122825167390011e-17
0.308	3.5122680851622817e-17
0.309	3.5122536535855623e-17
0.31	3.5122392220088441e-17
0.311	3.5122247904321246e-17
0.312	3.5122103588554052e-17
0.313	3.5121959272786858e-17
0.314	3.512181495701967e-17
0.315	3.5121670641252481e-17
0.316	3.5121526325485287e-17
0.317	3.5121382009718093e-17
0.318	3.5121237693950905e-17
0.31900000000000001	3.5121093378183716e-17
0.32000000000000001	3.5120949062416522e-17
0.32100000000000001	3.5120767193064676e-17
0.32200000000000001	3.5120585323712829e-17
0.32300000000000001	3.5120403454360983e-17
0.32400000000000001	3.512022158500913e-17
0.32500000000000001	3.5120039715657284e-17
0.32600000000000001	3.5119857846305431e-17
0.32700000000000001	3.5119675976953585e-17
0.32800000000000001	3.5119494107601738e-17
0.32900000000000001	3.5119312238249892e-17
0.33000000000000002	3.5119130368898039e-17
0.33100000000000002	3.5118948499546193e-17
0.33200000000000002	3.5118766630194347e-17
0.33300000000000002	3.51185847608425e-17
0.33400000000000002	3.5118402891490654e-17
0.33500000000000002	3.5118221022138801e-17
0.33600000000000002	3.5118039152786955e-17
0.33700000000000002	3.5117857283435102e-17
0.33800000000000002	3.5117675414083256e-17
0.33900000000000002	3.5117493544731409e-17
0.34000000000000002	3.5117311675379563e-17
0.34100000000000003	3.5117016311693396e-17
0.34200000000000003	3.511672094800723e-17
0.34300000000000003	3.5116425584321063e-17
0.34399999999999997	3.5116130220634896e-17
0.34499999999999997	3.511583485694873e-17
0.34599999999999997	3.5115539493262563e-17
0.34699999999999998	3.511524412957639e-17
0.34799999999999998	3.5114948765890224e-17
0.34899999999999998	3.5114653402204064e-17
0.34999999999999998	3.5114358038517891e-17
0.35099999999999998	3.5114062674831724e-17
0.35199999999999998	3.5113767311145558e-17
0.35299999999999998	3.5113471947459391e-17
0.35399999999999998	3.5113176583773224e-17
0.35499999999999998	3.5112881220087058e-17
0.35599999999999998	3.5112585856400891e-17
0.35699999999999998	3.5112290492714725e-17
0.35799999999999998	3.5111995129028552e-17
0.35899999999999999	3.5111699765342392e-17
0.35999999999999999	3.5111404401656225e-17
0.36099999999999999	3.5111773929286735e-17
0.36199999999999999	3.5112143456917239e-17
0.36299999999999999	3.5112512984547749e-17
0.36399999999999999	3.5112882512178266e-17
0.36499999999999999	3.5113252039808776e-17
0.36599999999999999	3.511362156743928e-17
0.36699999999999999	3.511399109506979e-17
0.36799999999999999	3.5114360622700307e-17
0.36899999999999999	3.5114730150330817e-17
0.37	3.5115099677961321e-17
0.371	3.5115469205591831e-17
0.372	3.5115838733222348e-17
0.373	3.5116208260852858e-17
0.374	3.5116577788483362e-17
0.375	3.5116947316113878e-17
0.376	3.5117316843744388e-17
0.377	3.5117686371374899e-17
0.378	3.5118055899005403e-17
0.379	3.5118425426635919e-17
0.38	3.5118794954266429e-17
0.38100000000000001	3.5121046134973684e-17
0.38200000000000001	3.5123297315680932e-17
0.38300000000000001	3.5125548496388187e-17
0.38400000000000001	3.5127799677095435e-17
0.38500000000000001	3.5130050857802683e-17
0.38600000000000001	3.5132302038509938e-17
0.38700000000000001	3.5134553219217193e-17
0.38800000000000001	3.5136804399924441e-17
0.38900000000000001	3.5139055580631696e-17
0.39000000000000001	3.5141306761338944e-17
0.39100000000000001	3.5143557942046198e-17
0.39200000000000002	3.5145809122753453e-17
0.39300000000000002	3.5148060303460701e-17
0.39400000000000002	3.515031148416795e-17
0.39500000000000002	3.5152562664875204e-17
0.39600000000000002	3.5154813845582453e-17
0.39700000000000002	3.5157065026289707e-17
0.39800000000000002	3.5159316206996962e-17
0.39900000000000002	3.516156738770421e-17
0.40000000000000002	3.5163818568411465e-17
0.40100000000000002	3.5170075302342878e-17
0.40200000000000002	3.5176332036274292e-17
0.40300000000000002	3.5182588770205706e-17
0.40400000000000003	3.518884550413712e-17
0.40500000000000003	3.519510223806854e-17
0.40600000000000003	3.5201358971999954e-17
0.40699999999999997	3.5207615705931367e-17
0.40799999999999997	3.5213872439862787e-17
0.40899999999999997	3.5220129173794201e-17
0.40999999999999998	3.5226385907725615e-17
0.41099999999999998	3.5232642641657029e-17
0.41199999999999998	3.5238899375588442e-17
0.41299999999999998	3.5245156109519856e-17
0.41399999999999998	3.5251412843451276e-17
0.41499999999999998	3.525766957738269e-17
0.41599999999999998	3.526392631131411e-17
0.41699999999999998	3.5270183045245524e-17
0.41799999999999998	3.5276439779176937e-17
0.41899999999999998	3.5282696513108351e-17
0.41999999999999998	3.5288953247039765e-17
0.42099999999999999	3.5299424346982324e-17
0.42199999999999999	3.5309895446924889e-17
0.42299999999999999	3.5320366546867447e-17
0.42399999999999999	3.5330837646810012e-17
0.42499999999999999	3.5341308746752571e-17
0.42599999999999999	3.5351779846695136e-17
0.42699999999999999	3.5362250946637695e-17
0.42799999999999999	3.5372722046580259e-17
0.42899999999999999	3.5383193146522818e-17
0.42999999999999999	3.5393664246465377e-17
0.43099999999999999	3.5404135346407936e-17
0.432	3.5414606446350494e-17
0.433	3.5425077546293059e-17
0.434	3.5435548646235618e-17
0.435	3.5446019746178183e-17
0.436	3.5456490846120742e-17
0.437	3.5466961946063307e-17
0.438	3.5477433046005865e-17
0.439	3.548790414594843e-17
0.44	3.5498375245890989e-17
0.441	3.5510176001643934e-17
0.442	3.5521976757396873e-17
0.443	3.5533777513149817e-17
0.44400000000000001	3.5545578268902762e-17
0.44500000000000001	3.5557379024655707e-17
0.44600000000000001	3.5569179780408658e-17
0.44700000000000001	3.5580980536161603e-17
0.44800000000000001	3.5592781291914547e-17
0.44900000000000001	3.5604582047667486e-17
0.45000000000000001	3.5616382803420431e-17
0.45100000000000001	3.5628183559173376e-17
0.45200000000000001	3.563998431492632e-17
0.45300000000000001	3.5651785070679265e-17
0.45400000000000001	3.566358582643221e-17
0.45500000000000002	3.5675386582185155e-17
0.45600000000000002	3.5687187337938099e-17
0.45700000000000002	3.5698988093691044e-17
0.45800000000000002	3.5710788849443989e-17
0.45900000000000002	3.5722589605196934e-17
0.46000000000000002	3.5734390360949879e-17
0.46100000000000002	3.5745980414654287e-17
0.46200000000000002	3.5757570468358701e-17
0.46300000000000002	3.5769160522063115e-17
0.46400000000000002	3.5780750575767523e-17
0.46500000000000002	3.5792340629471938e-17
0.46600000000000003	3.5803930683176352e-17
0.46700000000000003	3.581552073688076e-17
0.46800000000000003	3.5827110790585174e-17
0.46899999999999997	3.5838700844289588e-17
0.46999999999999997	3.5850290897993996e-17
0.47099999999999997	3.5861880951698411e-17
0.47199999999999998	3.5873471005402825e-17
0.47299999999999998	3.5885061059107233e-17
0.47399999999999998	3.5896651112811647e-17
0.47499999999999998	3.5908241166516061e-17
0.47599999999999998	3.5919831220220469e-17
0.47699999999999998	3.5931421273924884e-17
0.47799999999999998	3.5943011327629292e-17
0.47899999999999998	3.5954601381333712e-17
0.47999999999999998	3.596619143503812e-17
0.48099999999999998	3.5977576516199054e-17
0.48199999999999998	3.5988961597359988e-17
0.48299999999999998	3.6000346678520921e-17
0.48399999999999999	3.6011731759681855e-17
0.48499999999999999	3.6023116840842789e-17
0.48599999999999999	3.6034501922003722e-17
0.48699999999999999	3.6045887003164662e-17
0.48799999999999999	3.605727208432559e-17
0.48899999999999999	3.6068657165486523e-17
0.48999999999999999	3.6080042246647457e-17
0.49099999999999999	3.6091427327808397e-17
0.49199999999999999	3.6102812408969331e-17
0.49299999999999999	3.6114197490130258e-17
0.49399999999999999	3.6125582571291192e-17
0.495	3.6136967652452132e-17
0.496	3.6148352733613065e-17
0.497	3.6159737814773999e-17
0.498	3.6171122895934927e-17
0.499	3.6182507977095866e-17
0.5	3.61938930582568e-17
0.501	3.6205431006633173e-17
0.502	3.6216968955009539e-17
0.503	3.6228506903385911e-17
0.504	3.6240044851762284e-17
0.505	3.6251582800138656e-17
0.50600000000000001	3.6263120748515023e-17
0.50700000000000001	3.6274658696891395e-17
0.50800000000000001	3.6286196645267768e-17
0.50900000000000001	3.6297734593644134e-17
0.51000000000000001	3.6309272542020507e-17
0.51100000000000001	3.6320810490396879e-17
0.51200000000000001	3.6332348438773246e-17
0.51300000000000001	3.6343886387149618e-17
0.51400000000000001	3.6355424335525991e-17
0.51500000000000001	3.6366962283902357e-17
0.51600000000000001	3.6378500232278729e-17
0.51700000000000002	3.6390038180655102e-17
0.51800000000000002	3.6401576129031468e-17
0.51900000000000002	3.6413114077407841e-17
0.52000000000000002	3.6424652025784207e-17
0.52100000000000002	3.6437176994699464e-17
0.52200000000000002	3.6449701963614721e-17
0.52300000000000002	3.6462226932529972e-17
0.52400000000000002	3.647475190144523e-17
0.52500000000000002	3.6487276870360481e-17
0.52600000000000002	3.6499801839275738e-17
0.52700000000000002	3.6512326808190995e-17
0.52800000000000002	3.6524851777106246e-17
0.52900000000000003	3.6537376746021503e-17
0.53000000000000003	3.6549901714936754e-17
0.53100000000000003	3.6562426683852011e-17
0.53200000000000003	3.6574951652767268e-17
0.53300000000000003	3.6587476621682519e-17
0.53400000000000003	3.6600001590597776e-17
0.53500000000000003	3.6612526559513027e-17
0.53600000000000003	3.6625051528428278e-17
0.53700000000000003	3.6637576497343535e-17
0.53800000000000003	3.6650101466258792e-17
0.53900000000000003	3.666262643517405e-17
0.54000000000000004	3.6675151404089301e-17
0.54100000000000004	3.6688710125194262e-17
0.54200000000000004	3.6702268846299223e-17
0.54300000000000004	3.6715827567404184e-17
0.54400000000000004	3.6729386288509145e-17
0.54500000000000004	3.6742945009614107e-17
0.54600000000000004	3.6756503730719068e-17
0.54700000000000004	3.6770062451824029e-17
0.54800000000000004	3.678362117292899e-17
0.54900000000000004	3.6797179894033952e-17
0.55000000000000004	3.6810738615138913e-17
0.55100000000000005	3.6824297336243874e-17
0.55200000000000005	3.6837856057348835e-17
0.55300000000000005	3.6851414778453796e-17
0.55400000000000005	3.6864973499558758e-17
0.55500000000000005	3.6878532220663719e-17
0.55600000000000005	3.689209094176868e-17
0.55700000000000005	3.6905649662873641e-17
0.55800000000000005	3.6919208383978603e-17
0.55900000000000005	3.6932767105083564e-17
0.56000000000000005	3.6946325826188525e-17
0.56100000000000005	3.6960043945937209e-17
0.56200000000000006	3.6973762065685899e-17
0.56299999999999994	3.6987480185434577e-17
0.56399999999999995	3.7001198305183261e-17
0.56499999999999995	3.7014916424931951e-17
0.56599999999999995	3.7028634544680628e-17
0.56699999999999995	3.7042352664429318e-17
0.56799999999999995	3.7056070784178002e-17
0.56899999999999995	3.7069788903926686e-17
0.56999999999999995	3.708350702367537e-17
0.57099999999999995	3.709722514342406e-17
0.57199999999999995	3.7110943263172738e-17
0.57299999999999995	3.7124661382921428e-17
0.57399999999999995	3.7138379502670112e-17
0.57499999999999996	3.715209762241879e-17
0.57599999999999996	3.716581574216748e-17
0.57699999999999996	3.7179533861916164e-17
0.57799999999999996	3.7193251981664847e-17
0.57899999999999996	3.7206970101413531e-17
0.57999999999999996	3.7220688221162221e-17
0.58099999999999996	3.7234051574353566e-17
0.58199999999999996	3.7247414927544918e-17
0.58299999999999996	3.7260778280736269e-17
0.58399999999999996	3.7274141633927614e-17
0.58499999999999996	3.7287504987118965e-17
0.58599999999999997	3.730086834031031e-17
0.58699999999999997	3.7314231693501655e-17
0.58799999999999997	3.7327595046693006e-17
0.58899999999999997	3.7340958399884357e-17
0.58999999999999997	3.7354321753075702e-17
0.59099999999999997	3.7367685106267053e-17
0.59199999999999997	3.7381048459458405e-17
0.59299999999999997	3.739441181264975e-17
0.59399999999999997	3.7407775165841101e-17
0.59499999999999997	3.7421138519032446e-17
0.59599999999999997	3.7434501872223797e-17
0.59699999999999998	3.7447865225415148e-17
0.59799999999999998	3.7461228578606493e-17
0.59899999999999998	3.7474591931797844e-17
0.59999999999999998	3.7487955284989195e-17
0.60099999999999998	3.7500982712172227e-17
0.60199999999999998	3.7514010139355259e-17
0.60299999999999998	3.7527037566538297e-17
0.60399999999999998	3.7540064993721329e-17
0.60499999999999998	3.7553092420904361e-17
0.60599999999999998	3.7566119848087399e-17
0.60699999999999998	3.7579147275270431e-17
0.60799999999999998	3.7592174702453469e-17
0.60899999999999999	3.7605202129636501e-17
0.60999999999999999	3.7618229556819533e-17
0.61099999999999999	3.7631256984002565e-17
0.61199999999999999	3.7644284411185597e-17
0.61299999999999999	3.7657311838368635e-17
0.61399999999999999	3.7670339265551673e-17
0.61499999999999999	3.7683366692734705e-17
0.61599999999999999	3.7696394119917737e-17
0.61699999999999999	3.7709421547100769e-17
0.61799999999999999	3.7722448974283807e-17
0.61899999999999999	3.7735476401466839e-17
0.62	3.7748503828649871e-17
0.621	3.7761288296029166e-17
0.622	3.7774072763408467e-17
0.623	3.7786857230787761e-17
0.624	3.7799641698167049e-17
0.625	3.7812426165546344e-17
0.626	3.7825210632925639e-17
0.627	3.7837995100304933e-17
0.628	3.7850779567684228e-17
0.629	3.7863564035063522e-17
0.63	3.7876348502442811e-17
0.63100000000000001	3.7889132969822105e-17
0.63200000000000001	3.79019174372014e-17
0.63300000000000001	3.7914701904580694e-17
0.63400000000000001	3.7927486371959989e-17
0.63500000000000001	3.7940270839339283e-17
0.63600000000000001	3.7953055306718584e-17
0.63700000000000001	3.7965839774097872e-17
0.63800000000000001	3.7978624241477167e-17
0.63900000000000001	3.7991408708856461e-17
0.64000000000000001	3.8004193176235756e-17
0.64100000000000001	3.8016748042117595e-17
0.64200000000000002	3.8029302907999434e-17
0.64300000000000002	3.8041857773881274e-17
0.64400000000000002	3.8054412639763113e-17
0.64500000000000002	3.8066967505644952e-17
0.64600000000000002	3.8079522371526791e-17
0.64700000000000002	3.8092077237408637e-17
0.64800000000000002	3.8104632103290476e-17
0.64900000000000002	3.8117186969172315e-17
0.65000000000000002	3.8129741835054148e-17
0.65100000000000002	3.8142296700935994e-17
0.65200000000000002	3.8154851566817833e-17
0.65300000000000002	3.8167406432699672e-17
0.65400000000000003	3.8179961298581511e-17
0.65500000000000003	3.8192516164463351e-17
0.65600000000000003	3.8205071030345196e-17
0.65700000000000003	3.8217625896227029e-17
0.65800000000000003	3.8230180762108868e-17
0.65900000000000003	3.8242735627990708e-17
0.66000000000000003	3.8255290493872553e-17
0.66100000000000003	3.8267626841182956e-17
0.66200000000000003	3.8279963188493365e-17
0.66300000000000003	3.8292299535803768e-17
0.66400000000000003	3.8304635883114177e-17
0.66500000000000004	3.831697223042458e-17
0.66600000000000004	3.8329308577734983e-17
0.66700000000000004	3.8341644925045392e-17
0.66800000000000004	3.8353981272355802e-17
0.66900000000000004	3.8366317619666211e-17
0.67000000000000004	3.8378653966976614e-17
0.67100000000000004	3.8390990314287017e-17
0.67200000000000004	3.8403326661597426e-17
0.67300000000000004	3.8415663008907829e-17
0.67400000000000004	3.8427999356218238e-17
0.67500000000000004	3.8440335703528647e-17
0.67600000000000005	3.845267205083905e-17
0.67700000000000005	3.8465008398149459e-17
0.67800000000000005	3.8477344745459862e-17
0.67900000000000005	3.8489681092770271e-17
0.68000000000000005	3.8502017440080674e-17
0.68100000000000005	3.8514146741285138e-17
0.68200000000000005	3.8526276042489602e-17
0.68300000000000005	3.8538405343694066e-17
0.68400000000000005	3.855053464489853e-17
0.68500000000000005	3.8562663946102987e-17
0.68600000000000005	3.8574793247307451e-17
0.68700000000000006	3.8586922548511915e-17
0.68799999999999994	3.8599051849716379e-17
0.68899999999999995	3.8611181150920836e-17
0.68999999999999995	3.8623310452125306e-17
0.69099999999999995	3.8635439753329764e-17
0.69199999999999995	3.8647569054534228e-17
0.69299999999999995	3.8659698355738691e-17
0.69399999999999995	3.8671827656943155e-17
0.69499999999999995	3.8683956958147619e-17
0.69599999999999995	3.8696086259352077e-17
0.69699999999999995	3.870821556055654e-17
0.69799999999999995	3.8720344861761004e-17
0.69899999999999995	3.8732474162965468e-17
0.69999999999999996	3.8744603464169932e-17
0.70099999999999996	3.8756536687569886e-17
0.70199999999999996	3.8768469910969834e-17
0.70299999999999996	3.8780403134369788e-17
0.70399999999999996	3.8792336357769742e-17
0.70499999999999996	3.8804269581169696e-17
0.70599999999999996	3.881620280456965e-17
0.70699999999999996	3.8828136027969604e-17
0.70799999999999996	3.8840069251369558e-17
0.70899999999999996	3.8852002474769512e-17
0.70999999999999996	3.886393569816946e-17
0.71099999999999997	3.8875868921569414e-17
0.71199999999999997	3.8887802144969369e-17
0.71299999999999997	3.8899735368369323e-17
0.71399999999999997	3.8911668591769277e-17
0.71499999999999997	3.8923601815169231e-17
0.71599999999999997	3.8935535038569185e-17
0.71699999999999997	3.8947468261969139e-17
0.71799999999999997	3.8959401485369087e-17
0.71899999999999997	3.8971334708769041e-17
0.71999999999999997	3.8983267932168995e-17
0.72099999999999997	3.8995015516579484e-17
0.72199999999999998	3.9006763100989972e-17
0.72299999999999998	3.9018510685400455e-17
0.72399999999999998	3.9030258269810949e-17
0.72499999999999998	3.9042005854221438e-17
0.72599999999999998	3.905375343863192e-17
0.72699999999999998	3.9065501023042408e-17
0.72799999999999998	3.9077248607452897e-17
0.72899999999999998	3.9088996191863385e-17
0.72999999999999998	3.9100743776273874e-17
0.73099999999999998	3.9112491360684362e-17
0.73199999999999998	3.9124238945094845e-17
0.73299999999999998	3.9135986529505333e-17
0.73399999999999999	3.9147734113915828e-17
0.73499999999999999	3.915948169832631e-17
0.73599999999999999	3.9171229282736798e-17
0.73699999999999999	3.9182976867147287e-17
0.73799999999999999	3.9194724451557769e-17
0.73899999999999999	3.9206472035968264e-17
0.73999999999999999	3.9218219620378752e-17
0.74099999999999999	3.9229792093998991e-17
0.74199999999999999	3.9241364567619229e-17
0.74299999999999999	3.9252937041239467e-17
0.74399999999999999	3.9264509514859711e-17
0.745	3.927608198847995e-17
0.746	3.9287654462100188e-17
0.747	3.9299226935720432e-17
0.748	3.931079940934067e-17
0.749	3.9322371882960915e-17
0.75	3.9333944356581147e-17
0.751	3.9345516830201391e-17
0.752	3.9357089303821629e-17
0.753	3.9368661777441868e-17
0.754	3.9380234251062112e-17
0.755	3.939180672468235e-17
0.75600000000000001	3.9403379198302594e-17
0.75700000000000001	3.9414951671922827e-17
0.75800000000000001	3.9426524145543071e-17
0.75900000000000001	3.9438096619163309e-17
0.76000000000000001	3.9449669092783553e-17
0.76100000000000001	3.9461075719292231e-17
0.76200000000000001	3.9472482345800909e-17
0.76300000000000001	3.9483888972309587e-17
0.76400000000000001	3.9495295598818265e-17
0.76500000000000001	3.9506702225326949e-17
0.76600000000000001	3.9518108851835627e-17
0.76700000000000002	3.9529515478344304e-17
0.76800000000000002	3.9540922104852982e-17
0.76900000000000002	3.9552328731361666e-17
0.77000000000000002	3.9563735357870344e-17
0.77100000000000002	3.9575141984379022e-17
0.77200000000000002	3.95865486108877e-17
0.77300000000000002	3.9597955237396384e-17
0.77400000000000002	3.9609361863905062e-17
0.77500000000000002	3.9620768490413739e-17
0.77600000000000002	3.9632175116922417e-17
0.77700000000000002	3.9643581743431101e-17
0.77800000000000002	3.9654988369939779e-17
0.77900000000000003	3.9666394996448451e-17
0.78000000000000003	3.9677801622957135e-17
0.78100000000000003	3.9689033962461688e-17
0.78200000000000003	3.9700266301966235e-17
0.78300000000000003	3.9711498641470788e-17
0.78400000000000003	3.9722730980975335e-17
0.78500000000000003	3.9733963320479888e-17
0.78600000000000003	3.9745195659984435e-17
0.78700000000000003	3.9756427999488988e-17
0.78800000000000003	3.9767660338993535e-17
0.78900000000000003	3.9778892678498089e-17
0.79000000000000004	3.9790125018002636e-17
0.79100000000000004	3.9801357357507189e-17
0.79200000000000004	3.9812589697011742e-17
0.79300000000000004	3.9823822036516289e-17
0.79400000000000004	3.9835054376020842e-17
0.79500000000000004	3.9846286715525389e-17
0.79600000000000004	3.9857519055029942e-17
0.79700000000000004	3.9868751394534489e-17
0.79800000000000004	3.9879983734039042e-17
0.79900000000000004	3.9891216073543589e-17
0.80000000000000004	3.9902448413048142e-17
0.80100000000000005	3.9913453022837846e-17
0.80200000000000005	3.992445763262755e-17
0.80300000000000005	3.993546224241726e-17
0.80400000000000005	3.9946466852206963e-17
0.80500000000000005	3.9957471461996673e-17
0.80600000000000005	3.9968476071786377e-17
0.80700000000000005	3.997948068157608e-17
0.80800000000000005	3.9990485291365784e-17
0.80900000000000005	4.0001489901155494e-17
0.81000000000000005	4.0012494510945198e-17
0.81100000000000005	4.0023499120734901e-17
0.81200000000000006	4.0034503730524605e-17
0.81299999999999994	4.0045508340314309e-17
0.81399999999999995	4.0056512950104012e-17
0.81499999999999995	4.0067517559893722e-17
0.81599999999999995	4.0078522169683432e-17
0.81699999999999995	4.0089526779473136e-17
0.81799999999999995	4.0100531389262839e-17
0.81899999999999995	4.0111535999052543e-17
0.81999999999999995	4.0122540608842247e-17
0.82099999999999995	4.0133417623866606e-17
0.82199999999999995	4.0144294638890953e-17
0.82299999999999995	4.0155171653915306e-17
0.82399999999999995	4.0166048668939652e-17
0.82499999999999996	4.0176925683964012e-17
0.82599999999999996	4.0187802698988365e-17
0.82699999999999996	4.0198679714012711e-17
0.82799999999999996	4.0209556729037064e-17
0.82899999999999996	4.0220433744061417e-17
0.82999999999999996	4.023131075908577e-17
0.83099999999999996	4.0242187774110117e-17
0.83199999999999996	4.0253064789134476e-17
0.83299999999999996	4.0263941804158829e-17
0.83399999999999996	4.0274818819183176e-17
0.83499999999999996	4.0285695834207529e-17
0.83599999999999997	4.0296572849231882e-17
0.83699999999999997	4.0307449864256235e-17
0.83799999999999997	4.0318326879280588e-17
0.83899999999999997	4.0329203894304935e-17
0.83999999999999997	4.0340080909329294e-17
0.84099999999999997	4.0351102160477419e-17
0.84199999999999997	4.0362123411625545e-17
0.84299999999999997	4.0373144662773677e-17
0.84399999999999997	4.0384165913921802e-17
0.84499999999999997	4.0395187165069934e-17
0.84599999999999997	4.0406208416218066e-17
0.84699999999999998	4.0417229667366191e-17
0.84799999999999998	4.0428250918514323e-17
0.84899999999999998	4.0439272169662449e-17
0.84999999999999998	4.0450293420810581e-17
0.85099999999999998	4.0461314671958712e-17
0.85199999999999998	4.0472335923106838e-17
0.85299999999999998	4.0483357174254964e-17
0.85399999999999998	4.0494378425403095e-17
0.85499999999999998	4.0505399676551221e-17
0.85599999999999998	4.0516420927699353e-17
0.85699999999999998	4.0527442178847485e-17
0.85799999999999998	4.053846342999561e-17
0.85899999999999999	4.0549484681143736e-17
0.85999999999999999	4.0560505932291868e-17
0.86099999999999999	4.0571937088089051e-17
0.86199999999999999	4.0583368243886234e-17
0.86299999999999999	4.0594799399683417e-17
0.86399999999999999	4.06062305554806e-17
0.86499999999999999	4.0617661711277777e-17
0.86599999999999999	4.062909286707496e-17
0.86699999999999999	4.0640524022872149e-17
0.86799999999999999	4.0651955178669326e-17
0.86899999999999999	4.0663386334466509e-17
0.87	4.0674817490263692e-17
0.871	4.0686248646060876e-17
0.872	4.0697679801858052e-17
0.873	4.0709110957655242e-17
0.874	4.0720542113452425e-17
0.875	4.0731973269249602e-17
0.876	4.0743404425046785e-17
0.877	4.0754835580843968e-17
0.878	4.0766266736641151e-17
0.879	4.0777697892438334e-17
0.88	4.0789129048235517e-17
0.88100000000000001	4.08010076716763e-17
0.88200000000000001	4.081288629511709e-17
0.88300000000000001	4.0824764918557879e-17
0.88400000000000001	4.0836643541998662e-17
0.88500000000000001	4.0848522165439451e-17
0.88600000000000001	4.086040078888024e-17
0.88700000000000001	4.0872279412321023e-17
0.88800000000000001	4.0884158035761813e-17
0.88900000000000001	4.0896036659202602e-17
0.89000000000000001	4.0907915282643385e-17
0.89100000000000001	4.0919793906084174e-17
0.89200000000000002	4.0931672529524963e-17
0.89300000000000002	4.0943551152965746e-17
0.89400000000000002	4.0955429776406535e-17
0.89500000000000002	4.0967308399847319e-17
0.89600000000000002	4.0979187023288108e-17
0.89700000000000002	4.0991065646728897e-17
0.89800000000000002	4.100294427016968e-17
0.89900000000000002	4.1014822893610475e-17
0.90000000000000002	4.1026701517051258e-17
0.90100000000000002	4.1038771941625605e-17
0.90200000000000002	4.1050842366199951e-17
0.90300000000000002	4.1062912790774304e-17
0.90400000000000003	4.107498321534865e-17
0.90500000000000003	4.1087053639922996e-17
0.90600000000000003	4.1099124064497349e-17
0.90700000000000003	4.1111194489071695e-17
0.90800000000000003	4.1123264913646041e-17
0.90900000000000003	4.1135335338220394e-17
0.91000000000000003	4.114740576279474e-17
0.91100000000000003	4.1159476187369086e-17
0.91200000000000003	4.1171546611943433e-17
0.91300000000000003	4.1183617036517779e-17
0.91400000000000003	4.1195687461092132e-17
0.91500000000000004	4.1207757885666478e-17
0.91600000000000004	4.1219828310240824e-17
0.91700000000000004	4.1231898734815171e-17
0.91800000000000004	4.1243969159389523e-17
0.91900000000000004	4.1256039583963869e-17
0.92000000000000004	4.1268110008538222e-17
0.92100000000000004	4.1280418668000763e-17
0.92200000000000004	4.1292727327463304e-17
0.92300000000000004	4.1305035986925852e-17
0.92400000000000004	4.1317344646388393e-17
0.92500000000000004	4.1329653305850934e-17
0.92600000000000005	4.1341961965313476e-17
0.92700000000000005	4.1354270624776023e-17
0.92800000000000005	4.1366579284238564e-17
0.92900000000000005	4.1378887943701112e-17
0.93000000000000005	4.1391196603163653e-17
0.93100000000000005	4.14035052626262e-17
0.93200000000000005	4.1415813922088742e-17
0.93300000000000005	4.1428122581551283e-17
0.93400000000000005	4.144043124101383e-17
0.93500000000000005	4.1452739900476372e-17
0.93600000000000005	4.1465048559938919e-17
0.93700000000000006	4.147735721940146e-17
0.93799999999999994	4.1489665878864002e-17
0.93899999999999995	4.1501974538326543e-17
0.93999999999999995	4.151428319778909e-17
0.94099999999999995	4.1527231791928669e-17
0.94199999999999995	4.1540180386068254e-17
0.94299999999999995	4.1553128980207844e-17
0.94399999999999995	4.1566077574347429e-17
0.94499999999999995	4.1579026168487014e-17
0.94599999999999995	4.1591974762626598e-17
0.94699999999999995	4.1604923356766183e-17
0.94799999999999995	4.1617871950905768e-17
0.94899999999999995	4.1630820545045352e-17
0.94999999999999996	4.1643769139184937e-17
0.95099999999999996	4.1656717733324528e-17
0.95199999999999996	4.1669666327464113e-17
0.95299999999999996	4.1682614921603697e-17
0.95399999999999996	4.1695563515743282e-17
0.95499999999999996	4.1708512109882867e-17
0.95599999999999996	4.1721460704022451e-17
0.95699999999999996	4.1734409298162036e-17
0.95799999999999996	4.1747357892301621e-17
0.95899999999999996	4.1760306486441205e-17
0.95999999999999996	4.1773255080580796e-17
0.96099999999999997	4.1787616336640872e-17
0.96199999999999997	4.1801977592700947e-17
0.96299999999999997	4.1816338848761023e-17
0.96399999999999997	4.1830700104821104e-17
0.96499999999999997	4.1845061360881186e-17
0.96599999999999997	4.1859422616941261e-17
0.96699999999999997	4.1873783873001343e-17
0.96799999999999997	4.1888145129061418e-17
0.96899999999999997	4.19025063851215e-17
0.96999999999999997	4.1916867641181575e-17
0.97099999999999997	4.1931228897241657e-17
0.97199999999999998	4.1945590153301732e-17
0.97299999999999998	4.1959951409361808e-17
0.97399999999999998	4.1974312665421889e-17
0.97499999999999998	4.1988673921481965e-17
0.97599999999999998	4.2003035177542047e-17
0.97699999999999998	4.2017396433602122e-17
0.97799999999999998	4.2031757689662204e-17
0.97899999999999998	4.2046118945722279e-17
0.97999999999999998	4.2060480201782361e-17
0.98099999999999998	4.2076508155082605e-17
0.98199999999999998	4.2092536108382861e-17
0.98299999999999998	4.2108564061683105e-17
0.98399999999999999	4.2124592014983355e-17
0.98499999999999999	4.2140619968283612e-17
0.98599999999999999	4.2156647921583856e-17
0.98699999999999999	4.2172675874884106e-17
0.98799999999999999	4.2188703828184356e-17
0.98899999999999999	4.2204731781484606e-17
0.98999999999999999	4.2220759734784856e-17
0.99099999999999999	4.22367876880851e-17
0.99199999999999999	4.2252815641385357e-17
0.99299999999999999	4.2268843594685607e-17
0.99399999999999999	4.2284871547985851e-17
0.995	4.2300899501286107e-17
0.996	4.2316927454586358e-17
0.997	4.2332955407886602e-17
0.998	4.2348983361186852e-17
0.999	4.2365011314487102e-17
1	4.2381039267787352e-17
1.1000000000000001	4.438052071806884e-17
1.2	4.6883554513476937e-17
1.3	4.9888851550570567e-17
1.3999999999999999	5.3644176076289909e-17
1.5	5.7980631695582491e-17
1.6000000000000001	6.2767536421645355e-17
1.7	6.7981394723200756e-17
1.8	7.3805575144607762e-17
1.8999999999999999	8.0400083912864766e-17
2	8.7221402400855145e-17
2.1000000000000001	9.4384685235067705e-17
2.2000000000000002	1.0226290785473044e-16
2.2999999999999998	1.1135695537432683e-16
2.3999999999999999	1.2221956539803323e-16
2.5	1.3529766985660032e-16
2.6000000000000001	1.5090458982635728e-16
2.7000000000000002	1.6928262852112143e-16
2.7999999999999998	1.908096132804485e-16
2.8999999999999999	2.162016736452295e-16
3	2.4649590472996272e-16
3.1000000000000001	2.8291988845834761e-16
3.2000000000000002	3.2653235625653914e-16
3.2999999999999998	3.7783860568528046e-16
3.3999999999999999	4.3637550402886438e-16
3.5	5.0065363293656223e-16
3.6000000000000001	5.6829113320362893e-16
3.7000000000000002	6.3628529721853314e-16
3.7999999999999998	7.0151046173829065e-16
3.8999999999999999	7.6118762817716814e-16
4	8.1323660798206471e-16
4.0999999999999996	8.5646630598407496e-16
4.2000000000000002	8.9056741167538522e-16
4.2999999999999998	9.1597108752567937e-16
4.4000000000000004	9.3365361965738078e-16
4.5	9.4483171909700699e-16
4.5999999999999996	9.5073556233626793e-16
4.7000000000000002	9.5247840881101656e-16
4.7999999999999998	9.5098246116244795e-16
4.9000000000000004	9.4694440706772252e-16
5	9.4087575628634104e-16
5.0999999999999996	9.3316949552378316e-16
5.2000000000000002	9.241453037908199e-16
5.2999999999999998	9.2409456592534583e-16
5.4000000000000004	9.3063399646265419e-16
5.5	9.3713286768546374e-16
5.5999999999999996	9.4246557950715335e-16
5.7000000000000002	9.4832043404820255e-16
5.7999999999999998	9.529183629053059e-16
5.9000000000000004	9.5724784291892648e-16
6	9.6129701614756819e-16
6.0999999999999996	9.6360550355472233e-16
6.2000000000000002	9.6653977057487663e-16
6.2999999999999998	9.6900983481639871e-16
6.4000000000000004	9.7215716981839527e-16
6.5	9.7444647161264442e-16
6.5999999999999996	9.7725878610990861e-16
6.7000000000000002	9.810841600940263e-16
6.7999999999999998	9.8474979133113229e-16
6.9000000000000004	9.8984629742600463e-16
7	9.957869355740254e-16
7.0999999999999996	1.0027413340051128e-15
7.2000000000000002	1.0118509466815179e-15
7.2999999999999998	1.0177668135143775e-15
7.4000000000000004	1.0267161846731307e-15
7.5	1.0387272727215505e-15
7.5999999999999996	1.0504502761716256e-15
7.7000000000000002	1.0619801324404829e-15
7.7999999999999998	1.0733705728583616e-15
7.9000000000000004	1.084684188723567e-15
8	1.0959754435792557e-15
8.0999999999999996	1.1072918442765571e-15
8.1999999999999993	1.118677442288542e-15
8.3000000000000007	1.1301654115385985e-15
8.4000000000000004	1.1417821915624652e-15
8.5	1.1535480484805984e-15
8.5999999999999996	1.1654826644042352e-15
8.6999999999999993	1.1776053896748241e-15
8.8000000000000007	1.18197213337007e-15
8.9000000000000004	1.193658562478855e-15
9	1.206535332184875e-15
9.0999999999999996	1.2197071189517091e-15
9.1999999999999993	1.2332077587178926e-15
9.3000000000000007	1.2409755529520016e-15
9.4000000000000004	1.2525652054612965e-15
9.5	1.2624793083589233e-15
9.5999999999999996	1.273571592528699e-15
9.6999999999999993	1.2859928081735153e-15
9.8000000000000007	1.2941401603492726e-15
9.9000000000000004	1.3027817286456153e-15
10	1.3119077602985192e-15
10.5	1.3534751110300709e-15
11	1.389070690189283e-15
11.5	1.4144493229255874e-15
12	1.4425491241217551e-15
12.5	1.4660349970269471e-15
13	1.4836408514958075e-15
13.5	1.4913902924854675e-15
14	1.494621516968571e-15
14.5	1.4914242909915235e-15
15	1.4800109961367882e-15
15.5	1.466566811625303e-15
16	1.4382856870507709e-15
16.5	1.4065863977408376e-15
17	1.3724119311506209e-15
17.5	1.3305828398462959e-15
18	1.280356830716278e-15
18.5	1.2347614008745792e-15
19	1.1824709772379961e-15
19.5	1.1366489644649936e-15
20	1.0950397426329363e-15
20.5	1.0617238731688514e-15
21	1.0273578543531147e-15
21.5	1.0014441268933358e-15
22	9.7762759668678431e-16
22.5	9.6387445646191684e-16
23	9.5071909374811774e-16
23.5	9.3977114621499812e-16
24	9.3166076981158796e-16
24.5	9.2458947578594172e-16
25	9.1931433462426432e-16
25.5	9.1471255161789116e-16
26	9.106787550540329e-16
26.5	9.0680071146442968e-16
27	9.0321471511660279e-16
27.5	8.9988750598372885e-16
28	8.9684517316786862e-16
28.5	8.9364905943671072e-16
29	8.8979112448242126e-16
29.5	8.856384869939769e-16
30	8.8165616740889565e-16
30.5	8.7721857080180349e-16
31	8.7207515392936355e-16
31.5	8.6769096450857094e-16
32	8.6203108425482663e-16
32.5	8.5673987332926095e-16
33	8.5090552313464646e-16
33.5	8.4440273152364084e-16
34	8.3835212029242001e-16
34.5	8.316301334351479e-16
35	8.2540963675852351e-16
35.5	8.1803176420204164e-16
36	8.116052932251557e-16
36.5	8.0475195285836507e-16
37	7.9789663418697828e-16
37.5	7.9166912919218401e-16
38	7.8552073125701471e-16
38.5	7.7845424859144249e-16
39	7.7246655984295893e-16
39.5	7.6655250592431961e-16
40	7.6071038172454561e-16
40.5	7.5493875037668397e-16
41	7.4868630971625829e-16
41.5	7.4261294550977435e-16
42	7.3704589978565413e-16
42.5	7.315435391496328e-16
43	7.2610453676277544e-16
43.5	7.2072747167233733e-16
44	7.1541106151467144e-16
44.5	7.1080896468104529e-16
45	7.0592956387365128e-16
45.5	7.0078553690850944e-16
46	6.9569713048892462e-16
46.5	6.9066313677835645e-16
47	6.8608667270678646e-16
47.5	6.8171858704306861e-16
48	6.7683902218148986e-16
48.5	6.720093669471122e-16
49	6.6726588600555838e-16
49.5	6.6337985500977593e-16
50	6.5877304496663818e-16
