//1	2	1	1	0	0	0	0
//Energy[eV]	XS[cm2]
0	2.9410158600000036e-17
0.001	2.9385174918147387e-17
0.002	2.9360191236294732e-17
0.0030000000000000001	2.9335207554442089e-17
0.0040000000000000001	2.9310223872589433e-17
0.0050000000000000001	2.9285240190736784e-17
0.0060000000000000001	2.9260256508884135e-17
0.0070000000000000001	2.9235272827031486e-17
0.0080000000000000002	2.9210289145178836e-17
0.0089999999999999993	2.9185305463326181e-17
0.01	2.9160321781473532e-17
0.010999999999999999	2.9135338099620883e-17
0.012	2.9110354417768234e-17
0.012999999999999999	2.9085370735915584e-17
0.014	2.9060387054062935e-17
0.014999999999999999	2.9035403372210286e-17
0.016	2.9010419690357637e-17
0.017000000000000001	2.8985436008504981e-17
0.017999999999999999	2.8960452326652338e-17
0.019	2.8935468644799683e-17
0.02	2.8910484962947034e-17
0.021000000000000001	2.8899767959516417e-17
0.021999999999999999	2.8889050956085807e-17
0.023	2.8878333952655185e-17
0.024	2.8867616949224569e-17
0.025000000000000001	2.8856899945793958e-17
0.025999999999999999	2.8846182942363342e-17
0.027	2.8835465938932726e-17
0.028000000000000001	2.882474893550211e-17
0.029000000000000001	2.8814031932071493e-17
0.029999999999999999	2.8803314928640883e-17
0.031	2.8792597925210267e-17
0.032000000000000001	2.878188092177965e-17
0.033000000000000002	2.8771163918349034e-17
0.034000000000000002	2.8760446914918418e-17
0.035000000000000003	2.8749729911487802e-17
0.035999999999999997	2.8739012908057191e-17
0.036999999999999998	2.8728295904626575e-17
0.037999999999999999	2.8717578901195953e-17
0.039	2.8706861897765343e-17
0.040000000000000001	2.8696144894334726e-17
0.041000000000000002	2.8688714757754597e-17
0.042000000000000003	2.8681284621174475e-17
0.042999999999999997	2.8673854484594352e-17
0.043999999999999997	2.8666424348014229e-17
0.044999999999999998	2.86589942114341e-17
0.045999999999999999	2.8651564074853977e-17
0.047	2.8644133938273849e-17
0.048000000000000001	2.8636703801693726e-17
0.049000000000000002	2.8629273665113603e-17
0.050000000000000003	2.8621843528533474e-17
0.050999999999999997	2.8614413391953351e-17
0.051999999999999998	2.8606983255373229e-17
0.052999999999999999	2.8599553118793106e-17
0.053999999999999999	2.8592122982212977e-17
0.055	2.8584692845632854e-17
0.056000000000000001	2.8577262709052725e-17
0.057000000000000002	2.8569832572472603e-17
0.058000000000000003	2.856240243589248e-17
0.058999999999999997	2.8554972299312351e-17
0.059999999999999998	2.8547542162732228e-17
0.060999999999999999	2.854146035797804e-17
0.062	2.8535378553223846e-17
0.063	2.8529296748469658e-17
0.064000000000000001	2.8523214943715471e-17
0.065000000000000002	2.8517133138961276e-17
0.066000000000000003	2.8511051334207089e-17
0.067000000000000004	2.8504969529452901e-17
0.068000000000000005	2.8498887724698707e-17
0.069000000000000006	2.8492805919944519e-17
0.070000000000000007	2.8486724115190331e-17
0.070999999999999994	2.8480642310436137e-17
0.071999999999999995	2.8474560505681949e-17
0.072999999999999995	2.8468478700927755e-17
0.073999999999999996	2.8462396896173567e-17
0.074999999999999997	2.8456315091419379e-17
0.075999999999999998	2.8450233286665185e-17
0.076999999999999999	2.8444151481910997e-17
0.078	2.8438069677156809e-17
0.079000000000000001	2.8431987872402615e-17
0.080000000000000002	2.8425906067648427e-17
0.081000000000000003	2.842179902279298e-17
0.082000000000000003	2.8417691977937533e-17
0.083000000000000004	2.841358493308208e-17
0.084000000000000005	2.8409477888226632e-17
0.085000000000000006	2.8405370843371185e-17
0.085999999999999993	2.8401263798515738e-17
0.086999999999999994	2.8397156753660291e-17
0.087999999999999995	2.8393049708804844e-17
0.088999999999999996	2.8388942663949396e-17
0.089999999999999997	2.8384835619093949e-17
0.090999999999999998	2.8380728574238502e-17
0.091999999999999998	2.8376621529383055e-17
0.092999999999999999	2.8372514484527602e-17
0.094	2.8368407439672154e-17
0.095000000000000001	2.8364300394816707e-17
0.096000000000000002	2.836019334996126e-17
0.097000000000000003	2.8356086305105813e-17
0.098000000000000004	2.835197926025036e-17
0.099000000000000005	2.8347872215394912e-17
0.10000000000000001	2.8343765170539465e-17
0.10100000000000001	2.8341087493390988e-17
0.10199999999999999	2.8338409816242511e-17
0.10299999999999999	2.8335732139094034e-17
0.104	2.8333054461945557e-17
0.105	2.833037678479708e-17
0.106	2.8327699107648603e-17
0.107	2.832502143050012e-17
0.108	2.8322343753351649e-17
0.109	2.8319666076203165e-17
0.11	2.8316988399054688e-17
0.111	2.8314310721906211e-17
0.112	2.8311633044757734e-17
0.113	2.8308955367609257e-17
0.114	2.830627769046078e-17
0.115	2.8303600013312303e-17
0.11600000000000001	2.8300922336163826e-17
0.11700000000000001	2.8298244659015349e-17
0.11799999999999999	2.8295566981866872e-17
0.11899999999999999	2.8292889304718388e-17
0.12	2.8290211627569911e-17
0.121	2.8288625605972688e-17
0.122	2.8287039584375458e-17
0.123	2.8285453562778235e-17
0.124	2.8283867541181005e-17
0.125	2.8282281519583782e-17
0.126	2.8280695497986552e-17
0.127	2.8279109476389328e-17
0.128	2.8277523454792105e-17
0.129	2.8275937433194875e-17
0.13	2.8274351411597652e-17
0.13100000000000001	2.8272765390000422e-17
0.13200000000000001	2.8271179368403199e-17
0.13300000000000001	2.8269593346805969e-17
0.13400000000000001	2.8268007325208745e-17
0.13500000000000001	2.8266421303611516e-17
0.13600000000000001	2.8264835282014292e-17
0.13700000000000001	2.8263249260417063e-17
0.13800000000000001	2.8261663238819839e-17
0.13900000000000001	2.8260077217222615e-17
0.14000000000000001	2.8258491195625386e-17
0.14099999999999999	2.8257461806612887e-17
0.14199999999999999	2.8256432417600388e-17
0.14299999999999999	2.8255403028587895e-17
0.14399999999999999	2.8254373639575397e-17
0.14499999999999999	2.8253344250562904e-17
0.14599999999999999	2.8252314861550405e-17
0.14699999999999999	2.8251285472537912e-17
0.14799999999999999	2.8250256083525414e-17
0.14899999999999999	2.8249226694512921e-17
0.14999999999999999	2.8248197305500422e-17
0.151	2.8247167916487923e-17
0.152	2.8246138527475431e-17
0.153	2.8245109138462932e-17
0.154	2.8244079749450439e-17
0.155	2.824305036043794e-17
0.156	2.8242020971425448e-17
0.157	2.8240991582412949e-17
0.158	2.823996219340045e-17
0.159	2.8238932804387957e-17
0.16	2.8237903415375458e-17
0.161	2.8249964724061592e-17
0.16200000000000001	2.8287945735964718e-17
0.16300000000000001	2.8325924813970461e-17
0.16400000000000001	2.8363901958078806e-17
0.16500000000000001	2.8401877168289768e-17
0.16600000000000001	2.8439850444603339e-17
0.16700000000000001	2.8477821787019521e-17
0.16800000000000001	2.8515791195538318e-17
0.16900000000000001	2.8553758670159719e-17
0.17000000000000001	2.8591724210883735e-17
0.17100000000000001	2.8629687817710362e-17
0.17199999999999999	2.8667649490639598e-17
0.17299999999999999	2.8705609229671444e-17
0.17399999999999999	2.8743567034805906e-17
0.17499999999999999	2.8781522906042972e-17
0.17599999999999999	2.8819476843382647e-17
0.17699999999999999	2.8857428846824944e-17
0.17799999999999999	2.8895378916369845e-17
0.17899999999999999	2.8933327052017356e-17
0.17999999999999999	2.8971273253767483e-17
0.18099999999999999	2.9009424048348434e-17
0.182	2.906311596950067e-17
0.183	2.9158827541207755e-17
0.184	2.9254535670305161e-17
0.185	2.9350240356792874e-17
0.186	2.9445941600670896e-17
0.187	2.9541639401939238e-17
0.188	2.9637333760597889e-17
0.189	2.9733024676646854e-17
0.19	2.9828712150086139e-17
0.191	2.9924396180915733e-17
0.192	3.002007676913564e-17
0.193	3.0115753914745857e-17
0.19400000000000001	3.0211427617746393e-17
0.19500000000000001	3.0307097878137238e-17
0.19600000000000001	3.0402764695918403e-17
0.19700000000000001	3.0498428071089876e-17
0.19800000000000001	3.0594088003651664e-17
0.19900000000000001	3.0689744493603766e-17
0.20000000000000001	3.0785397540946183e-17
0.20100000000000001	3.088119087156169e-17
0.20200000000000001	3.0976981655035357e-17
0.20300000000000001	3.1072769891367197e-17
0.20399999999999999	3.1168555580557189e-17
0.20499999999999999	3.1264338722605348e-17
0.20599999999999999	3.1348123309789267e-17
0.20699999999999999	3.1416638223418985e-17
0.20799999999999999	3.1485151311823213e-17
0.20899999999999999	3.1553662575001958e-17
0.20999999999999999	3.1622172012955231e-17
0.21099999999999999	3.1690679625683015e-17
0.21199999999999999	3.1759185413185315e-17
0.21299999999999999	3.1827689375462138e-17
0.214	3.1896191512513477e-17
0.215	3.1964691824339327e-17
0.216	3.20331903109397e-17
0.217	3.2101686972314595e-17
0.218	3.2170181808464e-17
0.219	3.2238674819387928e-17
0.22	3.2307166005086373e-17
0.221	3.2375758009765505e-17
0.222	3.2444348626210988e-17
0.223	3.2512937854422809e-17
0.224	3.2581525694400969e-17
0.22500000000000001	3.2650112146145486e-17
0.22600000000000001	3.2718697209656341e-17
0.22700000000000001	3.278728088493354e-17
0.22800000000000001	3.2855863171977084e-17
0.22900000000000001	3.2924444070786973e-17
0.23000000000000001	3.29930235813632e-17
0.23100000000000001	3.3061601703705778e-17
0.23200000000000001	3.31301784378147e-17
0.23300000000000001	3.3200621677909335e-17
0.23400000000000001	3.327300760735654e-17
0.23499999999999999	3.3345392071773421e-17
0.23599999999999999	3.3417775071159965e-17
0.23699999999999999	3.3490156605516165e-17
0.23799999999999999	3.3562536674842035e-17
0.23899999999999999	3.3634915279137575e-17
0.23999999999999999	3.3707292418402777e-17
0.24099999999999999	3.3779743556553477e-17
0.24199999999999999	3.3852193554566081e-17
0.24299999999999999	3.3924642412440588e-17
0.24399999999999999	3.3997090130176999e-17
0.245	3.4069536707775319e-17
0.246	3.4141982145235531e-17
0.247	3.4214426442557653e-17
0.248	3.4286869599741672e-17
0.249	3.4359311616787601e-17
0.25	3.4431752493695434e-17
0.251	3.4504192230465164e-17
0.252	3.4576630827096798e-17
0.253	3.4649068283590342e-17
0.254	3.4721504599945783e-17
0.255	3.4793939776163128e-17
0.25600000000000001	3.4866373812242376e-17
0.25700000000000001	3.4938806708183534e-17
0.25800000000000001	3.501123846398659e-17
0.25900000000000001	3.508366907965155e-17
0.26000000000000001	3.5156098555178413e-17
0.26100000000000001	3.5228583939583118e-17
0.26200000000000001	3.530106841932316e-17
0.26300000000000001	3.5373551994398539e-17
0.26400000000000001	3.5446034664809261e-17
0.26500000000000001	3.5517637605938062e-17
0.26600000000000001	3.558035381527092e-17
0.26700000000000002	3.5643069241445516e-17
0.26800000000000002	3.5705783884461859e-17
0.26900000000000002	3.5768497744319959e-17
0.27000000000000002	3.5831210821019799e-17
0.27100000000000002	3.5893923114561391e-17
0.27200000000000002	3.5956634624944728e-17
0.27300000000000002	3.6019345352169811e-17
0.27400000000000002	3.6082055296236639e-17
0.27500000000000002	3.6144764457145225e-17
0.27600000000000002	3.6207472834895545e-17
0.27700000000000002	3.6270180429487616e-17
0.27800000000000002	3.633288724092144e-17
0.27900000000000003	3.6395593269197008e-17
0.28000000000000003	3.6458298514314323e-17
0.28100000000000003	3.6521046891703306e-17
0.28199999999999997	3.6583794637280137e-17
0.28299999999999997	3.6646541751044821e-17
0.28399999999999997	3.6709288232997364e-17
0.28499999999999998	3.6772034083137761e-17
0.28599999999999998	3.6834779301466012e-17
0.28699999999999998	3.6897523887982109e-17
0.28799999999999998	3.6960267842686066e-17
0.28899999999999998	3.702301116557787e-17
0.28999999999999998	3.7085753856657541e-17
0.29099999999999998	3.7148495915925052e-17
0.29199999999999998	3.7211237343380422e-17
0.29299999999999998	3.7273978139023646e-17
0.29399999999999998	3.7336718302854724e-17
0.29499999999999998	3.7399457834873649e-17
0.29599999999999999	3.7462196735080433e-17
0.29699999999999999	3.7524935003475071e-17
0.29799999999999999	3.7587672640057562e-17
0.29899999999999999	3.7650409644827906e-17
0.29999999999999999	3.7713146017786104e-17
0.30099999999999999	3.7775916193993023e-17
0.30199999999999999	3.7836748786070211e-17
0.30299999999999999	3.7888756496725745e-17
0.30399999999999999	3.7940763778723003e-17
0.30499999999999999	3.7992770632061984e-17
0.30599999999999999	3.80447770567427e-17
0.307	3.8096783052765134e-17
0.308	3.8148788620129297e-17
0.309	3.8200793758835176e-17
0.31	3.8252798468882798e-17
0.311	3.8304802750272137e-17
0.312	3.8356806603003198e-17
0.313	3.840881002707599e-17
0.314	3.8460813022490498e-17
0.315	3.8512815589246741e-17
0.316	3.8564817727344708e-17
0.317	3.8616819436784399e-17
0.318	3.8668820717565818e-17
0.31900000000000001	3.8720821569688961e-17
0.32000000000000001	3.8772821993153833e-17
0.32100000000000001	3.8824780473785284e-17
0.32200000000000001	3.8876738414213792e-17
0.32300000000000001	3.8928695814439362e-17
0.32400000000000001	3.8980652674461976e-17
0.32500000000000001	3.9032608994281646e-17
0.32600000000000001	3.9084564773898378e-17
0.32700000000000001	3.9136520013312155e-17
0.32800000000000001	3.9188474712522994e-17
0.32900000000000001	3.9240428871530889e-17
0.33000000000000002	3.9292382490335827e-17
0.33100000000000002	3.9344335568937823e-17
0.33200000000000002	3.9396288107336874e-17
0.33300000000000002	3.9448240105532987e-17
0.33400000000000002	3.9500191563526151e-17
0.33500000000000002	3.9552142481316365e-17
0.33600000000000002	3.9604092858903641e-17
0.33700000000000002	3.9656042696287961e-17
0.33800000000000002	3.9707991993469337e-17
0.33900000000000002	3.9759940750447782e-17
0.34000000000000002	3.9811888967223265e-17
0.34100000000000003	3.9863707808676644e-17
0.34200000000000003	3.9915525772817103e-17
0.34300000000000003	3.9967342859644623e-17
0.34399999999999997	4.0020115173154222e-17
0.34499999999999997	4.0079285081569101e-17
0.34599999999999997	4.0138453988950392e-17
0.34699999999999998	4.0197621895298095e-17
0.34799999999999998	4.0256788800612217e-17
0.34899999999999998	4.0315954704892764e-17
0.34999999999999998	4.0375119608139711e-17
0.35099999999999998	4.0434283510353077e-17
0.35199999999999998	4.0493446411532867e-17
0.35299999999999998	4.0552608311679058e-17
0.35399999999999998	4.0611769210791667e-17
0.35499999999999998	4.0670929108870695e-17
0.35599999999999998	4.0730088005916135e-17
0.35699999999999998	4.0789245901927987e-17
0.35799999999999998	4.0848402796906258e-17
0.35899999999999999	4.0907558690850942e-17
0.35999999999999999	4.0966713583762044e-17
0.36099999999999999	4.1026644373430344e-17
0.36199999999999999	4.1086576415485391e-17
0.36299999999999999	4.1146509709927211e-17
0.36399999999999999	4.1206444256755779e-17
0.36499999999999999	4.1266380055971113e-17
0.36599999999999999	4.1326317107573188e-17
0.36699999999999999	4.138625541156203e-17
0.36799999999999999	4.1446194967937625e-17
0.36899999999999999	4.1506135776699981e-17
0.37	4.1566077837849084e-17
0.371	4.1626021151384948e-17
0.372	4.1685965717307571e-17
0.373	4.1745911535616949e-17
0.374	4.180585860631308e-17
0.375	4.1865806929395971e-17
0.376	4.1925756504865617e-17
0.377	4.1985707332722022e-17
0.378	4.2045659412965175e-17
0.379	4.2105612745595095e-17
0.38	4.2165567330611768e-17
0.38100000000000001	4.2227785573364477e-17
0.38200000000000001	4.2290011445719605e-17
0.38300000000000001	4.2352244947677152e-17
0.38400000000000001	4.2414486079237124e-17
0.38500000000000001	4.2476734840399503e-17
0.38600000000000001	4.2538299767935137e-17
0.38700000000000001	4.2583276055589663e-17
0.38800000000000001	4.262825775749408e-17
0.38900000000000001	4.2673244873648389e-17
0.39000000000000001	4.271823740405259e-17
0.39100000000000001	4.2763235348706688e-17
0.39200000000000002	4.2808238707610685e-17
0.39300000000000002	4.2853247480764567e-17
0.39400000000000002	4.2898261668168347e-17
0.39500000000000002	4.2943281269822024e-17
0.39600000000000002	4.2988306285725587e-17
0.39700000000000002	4.3033336715879049e-17
0.39800000000000002	4.3078372560282408e-17
0.39900000000000002	4.3123413818935652e-17
0.40000000000000002	4.3168460491838794e-17
0.40100000000000002	4.3218434767506866e-17
0.40200000000000002	4.3268424091065558e-17
0.40300000000000002	4.3318428462514847e-17
0.40400000000000003	4.3368447881854745e-17
0.40500000000000003	4.3418482349085264e-17
0.40600000000000003	4.346853186420638e-17
0.40699999999999997	4.3518596427218104e-17
0.40799999999999997	4.356867603812045e-17
0.40899999999999997	4.3618770696913392e-17
0.40999999999999998	4.3668880403596943e-17
0.41099999999999998	4.3719005158171109e-17
0.41199999999999998	4.3769144960635884e-17
0.41299999999999998	4.3819299810991262e-17
0.41399999999999998	4.3869469709237255e-17
0.41499999999999998	4.391965465537385e-17
0.41599999999999998	4.3969854649401061e-17
0.41699999999999998	4.4020069691318874e-17
0.41799999999999998	4.4070299781127302e-17
0.41899999999999998	4.4120544918826339e-17
0.41999999999999998	4.4170805104415979e-17
0.42099999999999999	4.4226360482653903e-17
0.42199999999999999	4.4281941044632781e-17
0.42299999999999999	4.43375467903526e-17
0.42399999999999999	4.4393177719813367e-17
0.42499999999999999	4.4448833833015075e-17
0.42599999999999999	4.4504515129957731e-17
0.42699999999999999	4.4560221610641328e-17
0.42799999999999999	4.4615953275065872e-17
0.42899999999999999	4.4671710123231358e-17
0.42999999999999999	4.4727492155137792e-17
0.43099999999999999	4.4783299370785173e-17
0.432	4.4839131770173489e-17
0.433	4.4894989353302759e-17
0.434	4.495087212017297e-17
0.435	4.5006780070784129e-17
0.436	4.5062713205136229e-17
0.437	4.5118671523229283e-17
0.438	4.5174655025063272e-17
0.439	4.5230663710638209e-17
0.44	4.5286527168059671e-17
0.441	4.5343628410292767e-17
0.442	4.5400757598413135e-17
0.443	4.5457914732420781e-17
0.44400000000000001	4.5515099812315704e-17
0.44500000000000001	4.5572312838097892e-17
0.44600000000000001	4.562955380976737e-17
0.44700000000000001	4.5686822727324107e-17
0.44800000000000001	4.5744119590768128e-17
0.44900000000000001	4.5801444400099414e-17
0.45000000000000001	4.5858797155317977e-17
0.45100000000000001	4.5916177856423818e-17
0.45200000000000001	4.5973586503416931e-17
0.45300000000000001	4.6031023096297321e-17
0.45400000000000001	4.6088487635064982e-17
0.45500000000000002	4.6145980119719914e-17
0.45600000000000002	4.6203500550262124e-17
0.45700000000000002	4.6261048926691618e-17
0.45800000000000002	4.6318625249008371e-17
0.45900000000000002	4.6376229517212407e-17
0.46000000000000002	4.6433861731303715e-17
0.46100000000000002	4.6491247852046338e-17
0.46200000000000002	4.6548661419703493e-17
0.46300000000000002	4.6606102434275142e-17
0.46400000000000002	4.6663570895761303e-17
0.46500000000000002	4.6721066804161982e-17
0.46600000000000003	4.6778590159477169e-17
0.46700000000000003	4.6836140961706867e-17
0.46800000000000003	4.6893719210851079e-17
0.46899999999999997	4.695132490690979e-17
0.46999999999999997	4.700895804988302e-17
0.47099999999999997	4.7066618639770769e-17
0.47199999999999998	4.7124306676573031e-17
0.47299999999999998	4.7182022160289793e-17
0.47399999999999998	4.7239765090921079e-17
0.47499999999999998	4.7297535468466872e-17
0.47599999999999998	4.7355333292927178e-17
0.47699999999999998	4.7413158564301996e-17
0.47799999999999998	4.7471011282591333e-17
0.47899999999999998	4.752889144779517e-17
0.47999999999999998	4.7586799059913532e-17
0.48099999999999998	4.764446267746414e-17
0.48199999999999998	4.770215325652478e-17
0.48299999999999998	4.775987079709547e-17
0.48399999999999999	4.7817615299176199e-17
0.48499999999999999	4.7875386762766971e-17
0.48599999999999999	4.7933185187867788e-17
0.48699999999999999	4.7991010574478643e-17
0.48799999999999999	4.8048862922599536e-17
0.48899999999999999	4.8106742232230473e-17
0.48999999999999999	4.8164648503371455e-17
0.49099999999999999	4.8222581736022481e-17
0.49199999999999999	4.8280541930183544e-17
0.49299999999999999	4.8338529085854646e-17
0.49399999999999999	4.8396543203035792e-17
0.495	4.8454584281726982e-17
0.496	4.8512652321928211e-17
0.497	4.8570747323639483e-17
0.498	4.8628076670856931e-17
0.499	4.8685139229005422e-17
0.5	4.8742228065155148e-17
0.501	4.8799549221631715e-17
0.502	4.8856897008943619e-17
0.503	4.8914271427090865e-17
0.504	4.8971672476073465e-17
0.505	4.9029100155891389e-17
0.50600000000000001	4.908655446654465e-17
0.50700000000000001	4.9144035408033259e-17
0.50800000000000001	4.9201542980357203e-17
0.50900000000000001	4.9259077183516485e-17
0.51000000000000001	4.9316638017511108e-17
0.51100000000000001	4.9374225482341074e-17
0.51200000000000001	4.9431839578006382e-17
0.51300000000000001	4.9489480304507026e-17
0.51400000000000001	4.9547147661843013e-17
0.51500000000000001	4.9604841650014329e-17
0.51600000000000001	4.9662562269020994e-17
0.51700000000000002	4.9720309518862995e-17
0.51800000000000002	4.9778083399540338e-17
0.51900000000000002	4.983588391105303e-17
0.52000000000000002	4.9893711053401052e-17
0.52100000000000002	4.9952917965331029e-17
0.52200000000000002	5.0012153786246727e-17
0.52300000000000002	5.0071418516148141e-17
0.52400000000000002	5.0130712155035276e-17
0.52500000000000002	5.0190034702908119e-17
0.52600000000000002	5.0249386159766684e-17
0.52700000000000002	5.0308766525610976e-17
0.52800000000000002	5.0368175800440972e-17
0.52900000000000003	5.0427613984256694e-17
0.53000000000000003	5.0487081077058126e-17
0.53100000000000003	5.0546577078845272e-17
0.53200000000000003	5.0606101989618146e-17
0.53300000000000003	5.0665655809376723e-17
0.53400000000000003	5.0725238538121034e-17
0.53500000000000003	5.0784850175851059e-17
0.53600000000000003	5.0844490722566788e-17
0.53700000000000003	5.090416017826825e-17
0.53800000000000003	5.0963858542955414e-17
0.53900000000000003	5.1023585816628307e-17
0.54000000000000004	5.1083341999286908e-17
0.54100000000000004	5.1144568155747685e-17
0.54200000000000004	5.1205825607206272e-17
0.54300000000000004	5.1267114353662676e-17
0.54400000000000004	5.1328434395116882e-17
0.54500000000000004	5.1389785731568899e-17
0.54600000000000004	5.1451168363018726e-17
0.54700000000000004	5.1512582289466356e-17
0.54800000000000004	5.1574027510911803e-17
0.54900000000000004	5.1635504027355053e-17
0.55000000000000004	5.1697011838796113e-17
0.55100000000000005	5.1758550945234995e-17
0.55200000000000005	5.1820121346671674e-17
0.55300000000000005	5.188172304310617e-17
0.55400000000000005	5.1943356034538463e-17
0.55500000000000005	5.2005020320968572e-17
0.55600000000000005	5.2066715902396492e-17
0.55700000000000005	5.2128442778822221e-17
0.55800000000000005	5.2190200950245766e-17
0.55900000000000005	5.2251990416667114e-17
0.56000000000000005	5.2313811178086267e-17
0.56100000000000005	5.237588911750546e-17
0.56200000000000006	5.2437998719831819e-17
0.56299999999999994	5.2498270832474726e-17
0.56399999999999995	5.2557693294091207e-17
0.56499999999999995	5.2617145379669036e-17
0.56599999999999995	5.2676627089208206e-17
0.56699999999999995	5.2736138422708723e-17
0.56799999999999995	5.2795679380170568e-17
0.56899999999999995	5.2855249961593773e-17
0.56999999999999995	5.2914850166978294e-17
0.57099999999999995	5.2974479996324181e-17
0.57199999999999995	5.3034139449631396e-17
0.57299999999999995	5.3093828526899965e-17
0.57399999999999995	5.3153547228129869e-17
0.57499999999999996	5.3213295553321119e-17
0.57599999999999996	5.3273073502473711e-17
0.57699999999999996	5.3332881075587643e-17
0.57799999999999996	5.3392718272662923e-17
0.57899999999999996	5.3452585093699538e-17
0.57999999999999996	5.3512481538697499e-17
0.58099999999999996	5.3571897173881085e-17
0.58199999999999996	5.3631341666915861e-17
0.58299999999999996	5.3690815017801834e-17
0.58399999999999996	5.3750317226538985e-17
0.58499999999999996	5.3809848293127332e-17
0.58599999999999997	5.3869408217566876e-17
0.58699999999999997	5.3928996999857611e-17
0.58799999999999997	5.3988614639999542e-17
0.58899999999999997	5.4048261137992663e-17
0.58999999999999997	5.4107936493836975e-17
0.59099999999999997	5.4167640707532483e-17
0.59199999999999997	5.4227373779079182e-17
0.59299999999999997	5.4287135708477071e-17
0.59399999999999997	5.4346926495726151e-17
0.59499999999999997	5.4406746140826427e-17
0.59599999999999997	5.4466594643777887e-17
0.59699999999999998	5.452647200458055e-17
0.59799999999999998	5.4586378223234385e-17
0.59899999999999998	5.4646313299739429e-17
0.59999999999999998	5.4706277234095663e-17
0.60099999999999998	5.4765779445834233e-17
0.60199999999999998	5.4825309789999571e-17
0.60299999999999998	5.4884868266591685e-17
0.60399999999999998	5.4944454875610568e-17
0.60499999999999998	5.500406961705622e-17
0.60599999999999998	5.506371249092864e-17
0.60699999999999998	5.512338349722783e-17
0.60799999999999998	5.5183082635953796e-17
0.60899999999999999	5.524280990710653e-17
0.60999999999999999	5.5302565310686033e-17
0.61099999999999999	5.5362348846692293e-17
0.61199999999999999	5.5422160515125335e-17
0.61299999999999999	5.5482000315985158e-17
0.61399999999999999	5.5541868249271743e-17
0.61499999999999999	5.5601764314985098e-17
0.61599999999999999	5.5661688513125216e-17
0.61699999999999999	5.5721640843692121e-17
0.61799999999999999	5.578162130668579e-17
0.61899999999999999	5.5841629902106221e-17
0.62	5.5901666629953439e-17
0.621	5.59613714293176e-17
0.622	5.6021103836442485e-17
0.623	5.608086385132807e-17
0.624	5.6140651473974367e-17
0.625	5.6200466704381363e-17
0.626	5.6260309542549096e-17
0.627	5.6320179988477529e-17
0.628	5.6380078042166673e-17
0.629	5.644000370361653e-17
0.63	5.6499956972827086e-17
0.63100000000000001	5.6559937849798367e-17
0.63200000000000001	5.6619946334530347e-17
0.63300000000000001	5.6679982427023051e-17
0.63400000000000001	5.6740046127276455e-17
0.63500000000000001	5.6800137435290584e-17
0.63600000000000001	5.6860256351065412e-17
0.63700000000000001	5.6920402874600952e-17
0.63800000000000001	5.6980577005897204e-17
0.63900000000000001	5.7040778744954156e-17
0.64000000000000001	5.7101008091771832e-17
0.64100000000000001	5.716094102202979e-17
0.64200000000000002	5.7223000380613466e-17
0.64300000000000002	5.728508825125312e-17
0.64400000000000002	5.734720463394874e-17
0.64500000000000002	5.7409349528700326e-17
0.64600000000000002	5.7471522935507892e-17
0.64700000000000002	5.7533724854371435e-17
0.64800000000000002	5.7595955285290945e-17
0.64900000000000002	5.7658214228266446e-17
0.65000000000000002	5.7720501683297888e-17
0.65100000000000002	5.7782817650385322e-17
0.65200000000000002	5.7845162129528734e-17
0.65300000000000002	5.7907535120728112e-17
0.65400000000000003	5.7969936623983469e-17
0.65500000000000003	5.8032366639294804e-17
0.65600000000000003	5.8094825166662093e-17
0.65700000000000003	5.8157312206085361e-17
0.65800000000000003	5.8219827757564608e-17
0.65900000000000003	5.8282371821099821e-17
0.66000000000000003	5.8344944396691024e-17
0.66100000000000003	5.8407211963250688e-17
0.66200000000000003	5.8469507545611451e-17
0.66300000000000003	5.8531831143773262e-17
0.66400000000000003	5.859418275773616e-17
0.66500000000000004	5.8656562387500118e-17
0.66600000000000004	5.871897003306515e-17
0.66700000000000004	5.8781405694431256e-17
0.66800000000000004	5.8843869371598436e-17
0.66900000000000004	5.8906361064566677e-17
0.67000000000000004	5.8968880773335991e-17
0.67100000000000004	5.9031428497906379e-17
0.67200000000000004	5.9094004238277841e-17
0.67300000000000004	5.9156607994450377e-17
0.67400000000000004	5.9219239766423973e-17
0.67500000000000004	5.9281899554198644e-17
0.67600000000000005	5.9344587357774388e-17
0.67700000000000005	5.9407303177151205e-17
0.67800000000000005	5.9470047012329084e-17
0.67900000000000005	5.9532818863308049e-17
0.68000000000000005	5.9595618730088076e-17
0.68100000000000005	5.9658125899796094e-17
0.68200000000000005	5.9720660615104212e-17
0.68300000000000005	5.978322287601243e-17
0.68400000000000005	5.984581268252076e-17
0.68500000000000005	5.9908430034629165e-17
0.68600000000000005	5.997107493233767e-17
0.68700000000000006	6.0033747375646274e-17
0.68799999999999994	6.0096447364554978e-17
0.68899999999999995	6.0159174899063769e-17
0.68999999999999995	6.0221929979172685e-17
0.69099999999999995	6.0284712604881675e-17
0.69199999999999995	6.0347522776190778e-17
0.69299999999999995	6.0410360493099968e-17
0.69399999999999995	6.0473225755609245e-17
0.69499999999999995	6.0536118563718635e-17
0.69599999999999995	6.0599038917428124e-17
0.69699999999999995	6.06619868167377e-17
0.69799999999999995	6.0724962261647376e-17
0.69899999999999995	6.0787965252157152e-17
0.69999999999999996	6.0850995788267027e-17
0.70099999999999996	6.0913745694001002e-17
0.70199999999999996	6.0976522700043063e-17
0.70299999999999996	6.1039326806393235e-17
0.70399999999999996	6.1102158013051482e-17
0.70499999999999996	6.1165016320017853e-17
0.70599999999999996	6.122790172729231e-17
0.70699999999999996	6.1290814234874854e-17
0.70799999999999996	6.135375384276551e-17
0.70899999999999996	6.1416720550964264e-17
0.70999999999999996	6.1479714359471105e-17
0.71099999999999997	6.1542735268286058e-17
0.71199999999999997	6.1605783277409085e-17
0.71299999999999997	6.1668858386840223e-17
0.71399999999999997	6.1731960596579473e-17
0.71499999999999997	6.1795089906626797e-17
0.71599999999999997	6.1858246316982232e-17
0.71699999999999997	6.1921429827645767e-17
0.71799999999999997	6.1984640438617388e-17
0.71899999999999997	6.2047878149897108e-17
0.71999999999999997	6.2111142961484928e-17
0.72099999999999997	6.2170947031449283e-17
0.72199999999999998	6.2230212418448658e-17
0.72299999999999998	6.2289502221642714e-17
0.72399999999999998	6.2348816441031477e-17
0.72499999999999998	6.2408155076614922e-17
0.72599999999999998	6.2467518128393049e-17
0.72699999999999998	6.252690559636587e-17
0.72799999999999998	6.2586317480533385e-17
0.72899999999999998	6.2645753780895595e-17
0.72999999999999998	6.2705214497452473e-17
0.73099999999999998	6.2764699630204059e-17
0.73199999999999998	6.2824209179150314e-17
0.73299999999999998	6.2883743144291288e-17
0.73399999999999999	6.2943301525626943e-17
0.73499999999999999	6.3002884323157268e-17
0.73599999999999999	6.3062491536882288e-17
0.73699999999999999	6.3122123166802001e-17
0.73799999999999999	6.3181779212916409e-17
0.73899999999999999	6.3241459675225498e-17
0.73999999999999999	6.3301164553729282e-17
0.74099999999999999	6.3360611024429079e-17
0.74199999999999999	6.3420081547373063e-17
0.74299999999999999	6.3479576122561259e-17
0.74399999999999999	6.3539094749993643e-17
0.745	6.3598637429670239e-17
0.746	6.3658204161591011e-17
0.747	6.3717794945755982e-17
0.748	6.3777409782165141e-17
0.749	6.3837048670818512e-17
0.75	6.3896711611716059e-17
0.751	6.3956398604857805e-17
0.752	6.4016109650243752e-17
0.753	6.4075844747873898e-17
0.754	6.4135603897748244e-17
0.755	6.4195387099866778e-17
0.75600000000000001	6.42551943542295e-17
0.75700000000000001	6.4315025660836434e-17
0.75800000000000001	6.4374881019687555e-17
0.75900000000000001	6.4434760430782864e-17
0.76000000000000001	6.4494663894122373e-17
0.76100000000000001	6.4554320100641834e-17
0.76200000000000001	6.4614000014708643e-17
0.76300000000000001	6.4673703636322787e-17
0.76400000000000001	6.4733430965484278e-17
0.76500000000000001	6.4793182002193117e-17
0.76600000000000001	6.4852956746449292e-17
0.76700000000000002	6.4912755198252801e-17
0.76800000000000002	6.497257735760367e-17
0.76900000000000002	6.5032423224501887e-17
0.77000000000000002	6.5092292798947439e-17
0.77100000000000002	6.5152186080940326e-17
0.77200000000000002	6.5212103070480573e-17
0.77300000000000002	6.5272043767568155e-17
0.77400000000000002	6.5332008172203072e-17
0.77500000000000002	6.5391996284385337e-17
0.77600000000000002	6.5452008104114949e-17
0.77700000000000002	6.5512043631391909e-17
0.77800000000000002	6.5572102866216203e-17
0.77900000000000003	6.5632185808587846e-17
0.78000000000000003	6.5692292458506823e-17
0.78100000000000003	6.5752134077716788e-17
0.78200000000000003	6.5811999042235754e-17
0.78300000000000003	6.5871887352063723e-17
0.78400000000000003	6.5931799007200693e-17
0.78500000000000003	6.5991734007646689e-17
0.78600000000000003	6.6051692353401676e-17
0.78700000000000003	6.6111674044465676e-17
0.78800000000000003	6.6171679080838678e-17
0.78900000000000003	6.6231707462520695e-17
0.79000000000000004	6.6291759189511713e-17
0.79100000000000004	6.6351834261811746e-17
0.79200000000000004	6.6411932679420793e-17
0.79300000000000004	6.6472054442338841e-17
0.79400000000000004	6.6532199550565904e-17
0.79500000000000004	6.6592368004101957e-17
0.79600000000000004	6.6652559802947036e-17
0.79700000000000004	6.6712774947101104e-17
0.79800000000000004	6.6761923360131294e-17
0.79900000000000004	6.6810505018720227e-17
0.80000000000000004	6.6859103446703361e-17
0.80100000000000005	6.6907336898388454e-17
0.80200000000000005	6.6955586779477191e-17
0.80300000000000005	6.7003853089969547e-17
0.80400000000000005	6.7052135829865548e-17
0.80500000000000005	6.7100434999165179e-17
0.80600000000000005	6.714875059786843e-17
0.80700000000000005	6.7197082625975313e-17
0.80800000000000005	6.724543108348584e-17
0.80900000000000005	6.7293795970399986e-17
0.81000000000000005	6.7342177286717763e-17
0.81100000000000005	6.7390575032439185e-17
0.81200000000000006	6.7438989207564225e-17
0.81299999999999994	6.7487419812092898e-17
0.81399999999999995	6.7535866846025214e-17
0.81499999999999995	6.758433030936115e-17
0.81599999999999995	6.7632810202100729e-17
0.81699999999999995	6.768130652424394e-17
0.81799999999999995	6.7729819275790771e-17
0.81899999999999995	6.777834845674122e-17
0.81999999999999995	6.7826894067095326e-17
0.82099999999999995	6.7875240313484991e-17
0.82199999999999995	6.7923602798784859e-17
0.82299999999999995	6.7971981522994917e-17
0.82399999999999995	6.8020376486115166e-17
0.82499999999999996	6.8068787688145629e-17
0.82599999999999996	6.8117215129086284e-17
0.82699999999999996	6.8165658808937128e-17
0.82799999999999996	6.8214118727698188e-17
0.82899999999999996	6.8262594885369426e-17
0.82999999999999996	6.8311087281950879e-17
0.83099999999999996	6.8359595917442511e-17
0.83199999999999996	6.8408120791844357e-17
0.83299999999999996	6.8456661905156406e-17
0.83399999999999996	6.8505219257378634e-17
0.83499999999999996	6.8553792848511076e-17
0.83599999999999997	6.8602382678553709e-17
0.83699999999999997	6.8650988747506545e-17
0.83799999999999997	6.8699611055369571e-17
0.83899999999999997	6.8748249602142812e-17
0.83999999999999997	6.8796904387826231e-17
0.84099999999999997	6.8845821503701155e-17
0.84199999999999997	6.8894755073824515e-17
0.84299999999999997	6.8943705098196336e-17
0.84399999999999997	6.8992671576816618e-17
0.84499999999999997	6.9041654509685347e-17
0.84599999999999997	6.9090653896802538e-17
0.84699999999999998	6.9139669738168189e-17
0.84799999999999998	6.9188702033782289e-17
0.84899999999999998	6.9237750783644849e-17
0.84999999999999998	6.9286815987755857e-17
0.85099999999999998	6.9335897646115327e-17
0.85199999999999998	6.9384995758723244e-17
0.85299999999999998	6.9434110325579623e-17
0.85399999999999998	6.9483241346684462e-17
0.85499999999999998	6.9532388822037749e-17
0.85599999999999998	6.9581552751639485e-17
0.85699999999999998	6.9630733135489694e-17
0.85799999999999998	6.9679929973588351e-17
0.85899999999999999	6.9729143265935456e-17
0.85999999999999999	6.9778373012531035e-17
0.86099999999999999	6.9828324699900584e-17
0.86199999999999999	6.9878293453488386e-17
0.86299999999999999	6.9928279273294467e-17
0.86399999999999999	6.9978282159318813e-17
0.86499999999999999	7.00283021115614e-17
0.86599999999999999	7.0078339130022266e-17
0.86699999999999999	7.0128393214701397e-17
0.86799999999999999	7.0178464365598781e-17
0.86899999999999999	7.0228552582714431e-17
0.87	7.0278657866048347e-17
0.871	7.0328780215600528e-17
0.872	7.0378919631370951e-17
0.873	7.0429076113359651e-17
0.874	7.047924966156663e-17
0.875	7.0529440275991849e-17
0.876	7.0579647956635334e-17
0.877	7.0629872703497097e-17
0.878	7.0680114516577114e-17
0.879	7.0730373395875384e-17
0.88	7.0780649341391932e-17
0.88100000000000001	7.0831719169785867e-17
0.88200000000000001	7.0882806732447823e-17
0.88300000000000001	7.0930925645129321e-17
0.88400000000000001	7.097849155359886e-17
0.88500000000000001	7.1026073127439636e-17
0.88600000000000001	7.1073670366651634e-17
0.88700000000000001	7.1121283271234881e-17
0.88800000000000001	7.116891184118934e-17
0.88900000000000001	7.1216556076515046e-17
0.89000000000000001	7.1264215977211976e-17
0.89100000000000001	7.131189154328013e-17
0.89200000000000002	7.1359582774719532e-17
0.89300000000000002	7.1407289671530157e-17
0.89400000000000002	7.1455012233712007e-17
0.89500000000000002	7.1502750461265092e-17
0.89600000000000002	7.1550504354189412e-17
0.89700000000000002	7.1598273912484957e-17
0.89800000000000002	7.1646059136151737e-17
0.89900000000000002	7.1693860025189754e-17
0.90000000000000002	7.1741676579599006e-17
0.90100000000000002	7.1789844320470084e-17
0.90200000000000002	7.1838027979657183e-17
0.90300000000000002	7.1886227557160316e-17
0.90400000000000003	7.1934443052979471e-17
0.90500000000000003	7.1982674467114647e-17
0.90600000000000003	7.2030921799565857e-17
0.90700000000000003	7.2079185050333089e-17
0.90800000000000003	7.2127464219416342e-17
0.90900000000000003	7.2175759306815629e-17
0.91000000000000003	7.2224070312530926e-17
0.91100000000000003	7.2272397236562268e-17
0.91200000000000003	7.2320740078909633e-17
0.91300000000000003	7.2369098839573006e-17
0.91400000000000003	7.2417473518552414e-17
0.91500000000000004	7.2465864115847855e-17
0.91600000000000004	7.2514270631459306e-17
0.91700000000000004	7.2562693065386802e-17
0.91800000000000004	7.2611131417630321e-17
0.91900000000000004	7.2659585688189849e-17
0.92000000000000004	7.2708055877065422e-17
0.92100000000000004	7.2756961874540035e-17
0.92200000000000004	7.280588410451167e-17
0.92300000000000004	7.2854822566980365e-17
0.92400000000000004	7.2903777261946082e-17
0.92500000000000004	7.2952748189408847e-17
0.92600000000000005	7.3001735349368658e-17
0.92700000000000005	7.3050738741825504e-17
0.92800000000000005	7.3099758366779398e-17
0.92900000000000005	7.3148794224230326e-17
0.93000000000000005	7.3197846314178289e-17
0.93100000000000005	7.3246914636623299e-17
0.93200000000000005	7.3295999191565356e-17
0.93300000000000005	7.3345099979004436e-17
0.93400000000000005	7.3394216998940563e-17
0.93500000000000005	7.3443350251373737e-17
0.93600000000000005	7.3492499736303933e-17
0.93700000000000006	7.3541665453731189e-17
0.93799999999999994	7.3590847403655467e-17
0.93899999999999995	7.3640045586076793e-17
0.93999999999999995	7.3689260000995153e-17
0.94099999999999995	7.3739626976124643e-17
0.94199999999999995	7.3790011027688554e-17
0.94299999999999995	7.3840412155686862e-17
0.94399999999999995	7.3890830360119603e-17
0.94499999999999995	7.394126564098674e-17
0.94599999999999995	7.3991717998288299e-17
0.94699999999999995	7.4042187432024279e-17
0.94799999999999995	7.4092673942194668e-17
0.94899999999999995	7.4143177528799465e-17
0.94999999999999996	7.4193698191838684e-17
0.95099999999999996	7.4244235931312324e-17
0.95199999999999996	7.4294790747220373e-17
0.95299999999999996	7.434536263956283e-17
0.95399999999999996	7.4395951608339709e-17
0.95499999999999996	7.4446557653550997e-17
0.95599999999999996	7.4497180775196705e-17
0.95699999999999996	7.4547820973276823e-17
0.95799999999999996	7.4598478247791349e-17
0.95899999999999996	7.4649152598740309e-17
0.95999999999999996	7.4699844026123666e-17
0.96099999999999997	7.4753079614237435e-17
0.96199999999999997	7.4806334141785423e-17
0.96299999999999997	7.4859607608767655e-17
0.96399999999999997	7.4912900015184132e-17
0.96499999999999997	7.4966211361034865e-17
0.96599999999999997	7.5019541646319817e-17
0.96699999999999997	7.5072890871039026e-17
0.96799999999999997	7.5126259035192454e-17
0.96899999999999997	7.5179646138780151e-17
0.96999999999999997	7.5233052181802079e-17
0.97099999999999997	7.528647716425824e-17
0.97199999999999998	7.5339921086148644e-17
0.97299999999999998	7.5393383947473293e-17
0.97399999999999998	7.5446865748232173e-17
0.97499999999999998	7.550036648842531e-17
0.97599999999999998	7.5553886168052691e-17
0.97699999999999998	7.5605619555496549e-17
0.97799999999999998	7.5656398268309847e-17
0.97899999999999998	7.5707194022047522e-17
0.97999999999999998	7.5758006816709563e-17
0.98099999999999998	7.5811839643500501e-17
0.98199999999999998	7.5865691488902273e-17
0.98299999999999998	7.5919562352914877e-17
0.98399999999999999	7.5973452235538325e-17
0.98499999999999999	7.6027361136772607e-17
0.98599999999999999	7.6081289056617721e-17
0.98699999999999999	7.6135235995073655e-17
0.98799999999999999	7.6189201952140447e-17
0.98899999999999999	7.6243186927818071e-17
0.98999999999999999	7.6297190922106528e-17
0.99099999999999999	7.6351213935005818e-17
0.99199999999999999	7.6405255966515953e-17
0.99299999999999999	7.6459317016636908e-17
0.99399999999999999	7.6513397085368695e-17
0.995	7.656749617271134e-17
0.996	7.6621614278664805e-17
0.997	7.6675751403229115e-17
0.998	7.6729907546404258e-17
0.999	7.6784082708190221e-17
1	7.6838276888587029e-17
1.1000000000000001	8.3061863918798124e-17
1.2	8.9512301100563001e-17
1.3	9.6913256034004164e-17
1.3999999999999999	1.0577174519931187e-16
1.5	1.1529627956750849e-16
1.6000000000000001	1.2563581627544613e-16
1.7	1.364682672614718e-16
1.8	1.4844383415781977e-16
1.8999999999999999	1.6214171764898025e-16
2	1.7649189579091294e-16
2.1000000000000001	1.9162923038167194e-16
2.2000000000000002	2.0765779935458441e-16
2.2999999999999998	2.261244157921694e-16
2.3999999999999999	2.4818232261381251e-16
2.5	2.7473907176721332e-16
2.6000000000000001	3.0643090142090072e-16
2.7000000000000002	3.4374983896988403e-16
2.7999999999999998	3.8746311072831817e-16
2.8999999999999999	4.3902490852033428e-16
3	5.0054118545948981e-16
3.1000000000000001	5.7450470227546229e-16
3.2000000000000002	6.6306534735569318e-16
3.2999999999999998	7.6724919145921276e-16
3.3999999999999999	8.8611578489052165e-16
3.5	1.0166406748590733e-15
3.6000000000000001	1.15398719427603e-15
3.7000000000000002	1.2920579646510244e-15
3.7999999999999998	1.4245059304956315e-15
3.8999999999999999	1.5456879828583379e-15
4	1.6513800351544635e-15
4.0999999999999996	1.7391634176357535e-15
4.2000000000000002	1.8084100361015126e-15
4.2999999999999998	1.8599954206094813e-15
4.4000000000000004	1.8959020439054077e-15
4.5	1.9186005919840222e-15
4.5999999999999996	1.9305890941742877e-15
4.7000000000000002	1.9341281649004332e-15
4.7999999999999998	1.9310904535428342e-15
4.9000000000000004	1.9228906727564652e-15
5	1.9105675079575203e-15
5.0999999999999996	1.8949189684745771e-15
5.2000000000000002	1.8765942030681108e-15
5.2999999999999998	1.8561559501136111e-15
5.4000000000000004	1.834130034871245e-15
5.5	1.811000219244857e-15
5.5999999999999996	1.7871978493003107e-15
5.7000000000000002	1.7630858850381179e-15
5.7999999999999998	1.7389346499246849e-15
5.9000000000000004	1.7149233339978639e-15
6	1.691161140855115e-15
6.0999999999999996	1.6677103750340078e-15
6.2000000000000002	1.6446091881857464e-15
6.2999999999999998	1.6218906395288135e-15
6.4000000000000004	1.5995957715560577e-15
6.5	1.5777865980890464e-15
6.5999999999999996	1.556530676632799e-15
6.7000000000000002	1.5358938793353789e-15
6.7999999999999998	1.5159341453821246e-15
6.9000000000000004	1.4960770865695019e-15
7	1.4769154037817187e-15
7.0999999999999996	1.4585116047728282e-15
7.2000000000000002	1.4408549828305219e-15
7.2999999999999998	1.423929293624622e-15
7.4000000000000004	1.4077196691461109e-15
7.5	1.3922170639539859e-15
7.5999999999999996	1.3774198179695504e-15
7.7000000000000002	1.3633364830641502e-15
7.7999999999999998	1.3512499932584168e-15
7.9000000000000004	1.341591194138948e-15
8	1.3326315459956723e-15
8.0999999999999996	1.3243784989539147e-15
8.1999999999999993	1.3168319420119274e-15
8.3000000000000007	1.3099835957686641e-15
8.4000000000000004	1.3038190281101257e-15
8.5	1.2983202496158787e-15
8.5999999999999996	1.293469330125489e-15
8.6999999999999993	1.2892497970842757e-15
8.8000000000000007	1.2860491723923298e-15
8.9000000000000004	1.2846300479866455e-15
9	1.2838191330178953e-15
9.0999999999999996	1.2836204360882804e-15
9.1999999999999993	1.2840403997878341e-15
9.3000000000000007	1.2850841515603334e-15
9.4000000000000004	1.2867547842365765e-15
9.5	1.2890489316850232e-15
9.5999999999999996	1.2919581013527966e-15
9.6999999999999993	1.295468453287991e-15
9.8000000000000007	1.2997639854123241e-15
9.9000000000000004	1.3055578884409768e-15
10	1.3119077602985192e-15
10.5	1.3529850970440747e-15
11	1.3875864160511605e-15
11.5	1.4173009270525112e-15
12	1.4425440223644276e-15
12.5	1.4643499576749729e-15
13	1.4813341252745252e-15
13.5	1.4918140661521323e-15
14	1.4954030459636404e-15
14.5	1.492262529556109e-15
15	1.4822832064407579e-15
15.5	1.4654303190670483e-15
16	1.4416004597876987e-15
16.5	1.4108184597704669e-15
17	1.3733234027932338e-15
17.5	1.3297126975155029e-15
18	1.2824044323239484e-15
18.5	1.2335488243550487e-15
19	1.1851667909995551e-15
19.5	1.1390685267657835e-15
20	1.0971630276388124e-15
20.5	1.0605808663638549e-15
21	1.0293246007831449e-15
21.5	1.0031023305234763e-15
22	9.8155646680534897e-16
22.5	9.6418289348385321e-16
23	9.5038899856110472e-16
23.5	9.3958482884245203e-16
24	9.3118990402790137e-16
24.5	9.2463311364550633e-16
25	9.1925528176938497e-16
25.5	9.1458779340345571e-16
26	9.1045895023381324e-16
26.5	9.0678697311166721e-16
27	9.0341260621885256e-16
27.5	9.0017078134103834e-16
28	8.9692449846788004e-16
28.5	8.9353852786671026e-16
29	8.8993483053360402e-16
29.5	8.8601663766422394e-16
30	8.8177815715284178e-16
30.5	8.7722056272924e-16
31	8.7240711949967704e-16
31.5	8.6736066667828978e-16
32	8.6207527477436691e-16
32.5	8.5655091989825353e-16
33	8.5076141318124409e-16
33.5	8.447099455847241e-16
34	8.3842426436517843e-16
34.5	8.3191150613127936e-16
35	8.2521275945192316e-16
35.5	8.1839836017946482e-16
36	8.1155626859472939e-16
36.5	8.0477849152967388e-16
37	7.981145335843217e-16
37.5	7.9156168020461038e-16
38	7.851199677871454e-16
38.5	7.7879301321675145e-16
39	7.7257568436625598e-16
39.5	7.6646269916823378e-16
40	7.6045206469853669e-16
40.5	7.5454216656211887e-16
41	7.4873166683570835e-16
41.5	7.4301851916365604e-16
42	7.3740126006707101e-16
42.5	7.3187772941623148e-16
43	7.264454535383029e-16
43.5	7.2110326731068051e-16
44	7.1584869669529524e-16
44.5	7.1067976747592287e-16
45	7.0559497148626146e-16
45.5	7.0059234449918306e-16
46	6.9567012727930413e-16
46.5	6.9082546959061664e-16
47	6.8605674872358888e-16
47.5	6.8136244146593208e-16
48	6.767397210985871e-16
48.5	6.7218705005540202e-16
49	6.6770188842969441e-16
49.5	6.6328938137682062e-16
50	6.5894301590554365e-16
