//1	2	1	1	0	0	0	0
//Energy[eV]	XS[cm2]
0	7.0261200000000086e-17
0.001	7.0201513702783542e-17
0.002	6.394058114905698e-17
0.0030000000000000001	5.7620779712660603e-17
0.0040000000000000001	5.2771751976533601e-17
0.0050000000000000001	4.8118895209330591e-17
0.0060000000000000001	4.2466382116341937e-17
0.0070000000000000001	3.7158139537847458e-17
0.0080000000000000002	3.3492032998502925e-17
0.0089999999999999993	2.9474246223771627e-17
0.01	2.4636125130200056e-17
0.010999999999999999	2.337392431667115e-17
0.012	2.3353881072732161e-17
0.012999999999999999	2.3333837828793168e-17
0.014	2.3313794584854181e-17
0.014999999999999999	2.3293751340915191e-17
0.016	2.3273708096976201e-17
0.017000000000000001	2.3253664853037212e-17
0.017999999999999999	2.3233621609098225e-17
0.019	2.3213578365159235e-17
0.02	2.3193535121220245e-17
0.021000000000000001	2.318493736868234e-17
0.021999999999999999	2.3176339616144438e-17
0.023	2.3167741863606533e-17
0.024	2.3159144111068625e-17
0.025000000000000001	2.3150546358530723e-17
0.025999999999999999	2.3141948605992818e-17
0.027	2.3133350853454913e-17
0.028000000000000001	2.3124753100917011e-17
0.029000000000000001	2.3116155348379106e-17
0.029999999999999999	2.3107557595841204e-17
0.031	2.3098959843303299e-17
0.032000000000000001	2.3090362090765394e-17
0.033000000000000002	2.3081764338227493e-17
0.034000000000000002	2.3073166585689588e-17
0.035000000000000003	2.3064568833151683e-17
0.035999999999999997	2.3055971080613781e-17
0.036999999999999998	2.3047373328075876e-17
0.037999999999999999	2.3038775575537971e-17
0.039	2.3030177823000069e-17
0.040000000000000001	2.3021580070462161e-17
0.041000000000000002	2.301561921806043e-17
0.042000000000000003	2.3009658365658699e-17
0.042999999999999997	2.3003697513256972e-17
0.043999999999999997	2.2997736660855238e-17
0.044999999999999998	2.2991775808453507e-17
0.045999999999999999	2.2985814956051776e-17
0.047	2.2979854103650043e-17
0.048000000000000001	2.2973893251248315e-17
0.049000000000000002	2.2967932398846584e-17
0.050000000000000003	2.2961971546444854e-17
0.050999999999999997	2.295601069404312e-17
0.051999999999999998	2.2950049841641389e-17
0.052999999999999999	2.2944088989239662e-17
0.053999999999999999	2.2938128136837928e-17
0.055	2.2932167284436197e-17
0.056000000000000001	2.2926206432034467e-17
0.057000000000000002	2.2920245579632736e-17
0.058000000000000003	2.2914284727231005e-17
0.058999999999999997	2.2908323874829275e-17
0.059999999999999998	2.2902363022427544e-17
0.060999999999999999	2.289748387382981e-17
0.062	2.289260472523208e-17
0.063	2.2887725576634347e-17
0.064000000000000001	2.2882846428036616e-17
0.065000000000000002	2.2877967279438883e-17
0.066000000000000003	2.2873088130841152e-17
0.067000000000000004	2.2868208982243419e-17
0.068000000000000005	2.2863329833645689e-17
0.069000000000000006	2.2858450685047955e-17
0.070000000000000007	2.2853571536450225e-17
0.070999999999999994	2.2848692387852491e-17
0.071999999999999995	2.2843813239254761e-17
0.072999999999999995	2.2838934090657027e-17
0.073999999999999996	2.2834054942059297e-17
0.074999999999999997	2.2829175793461564e-17
0.075999999999999998	2.2824296644863833e-17
0.076999999999999999	2.28194174962661e-17
0.078	2.2814538347668369e-17
0.079000000000000001	2.2809659199070636e-17
0.080000000000000002	2.2804780050472906e-17
0.081000000000000003	2.2801485159736161e-17
0.082000000000000003	2.2798190268999413e-17
0.083000000000000004	2.2794895378262665e-17
0.084000000000000005	2.279160048752592e-17
0.085000000000000006	2.2788305596789175e-17
0.085999999999999993	2.2785010706052427e-17
0.086999999999999994	2.2781715815315682e-17
0.087999999999999995	2.2778420924578934e-17
0.088999999999999996	2.2775126033842186e-17
0.089999999999999997	2.2771831143105441e-17
0.090999999999999998	2.2768536252368696e-17
0.091999999999999998	2.2765241361631949e-17
0.092999999999999999	2.2761946470895201e-17
0.094	2.2758651580158456e-17
0.095000000000000001	2.2755356689421711e-17
0.096000000000000002	2.2752061798684963e-17
0.097000000000000003	2.2748766907948218e-17
0.098000000000000004	2.274547201721147e-17
0.099000000000000005	2.2742177126474722e-17
0.10000000000000001	2.2738882235737977e-17
0.10100000000000001	2.2850417730417639e-17
0.10199999999999999	2.2961931743341085e-17
0.10299999999999999	2.3073424274508332e-17
0.104	2.3184895323919361e-17
0.105	2.329634489157419e-17
0.106	2.3407772977472803e-17
0.107	2.3519179581615211e-17
0.108	2.3630564704001406e-17
0.109	2.3741928344631389e-17
0.11	2.385327050350517e-17
0.111	2.3964591180622738e-17
0.112	2.4075890375984098e-17
0.113	2.4187168089589248e-17
0.114	2.4298424321438183e-17
0.115	2.4409659071530921e-17
0.11600000000000001	2.4520872339867441e-17
0.11700000000000001	2.4632064126447755e-17
0.11799999999999999	2.4743234431271857e-17
0.11899999999999999	2.4854383254339747e-17
0.12	2.4965510595651437e-17
0.121	2.5077584196955203e-17
0.122	2.5189645074346629e-17
0.123	2.5301693227825729e-17
0.124	2.5413728657392491e-17
0.125	2.5525751363046923e-17
0.126	2.5637761344789016e-17
0.127	2.5749758602618781e-17
0.128	2.5861743136536213e-17
0.129	2.5973714946541309e-17
0.13	2.6085674032634073e-17
0.13100000000000001	2.6197620394814504e-17
0.13200000000000001	2.6309554033082597e-17
0.13300000000000001	2.6421474947438363e-17
0.13400000000000001	2.6533383137881791e-17
0.13500000000000001	2.6645278604412893e-17
0.13600000000000001	2.6757161347031653e-17
0.13700000000000001	2.686903136573808e-17
0.13800000000000001	2.6980888660532179e-17
0.13900000000000001	2.7092733231413941e-17
0.14000000000000001	2.7204565078383374e-17
0.14099999999999999	2.7316922306708896e-17
0.14199999999999999	2.7429271276725968e-17
0.14299999999999999	2.7541611988434595e-17
0.14399999999999999	2.7653944441834781e-17
0.14499999999999999	2.776626863692652e-17
0.14599999999999999	2.7878584573709814e-17
0.14699999999999999	2.7990892252184658e-17
0.14799999999999999	2.8103191672351052e-17
0.14899999999999999	2.8215482834209014e-17
0.14999999999999999	2.8327765737758519e-17
0.151	2.8440040382999579e-17
0.152	2.8552306769932196e-17
0.153	2.8664564898556362e-17
0.154	2.877681476887209e-17
0.155	2.8889056380879367e-17
0.156	2.9001289734578201e-17
0.157	2.9113514829968583e-17
0.158	2.9225731667050522e-17
0.159	2.9337940245824016e-17
0.16	2.9450140566289066e-17
0.161	2.9562671463775395e-17
0.16200000000000001	2.9675196699392578e-17
0.16300000000000001	2.9787716273140622e-17
0.16400000000000001	2.990023018501954e-17
0.16500000000000001	3.0012738435029306e-17
0.16600000000000001	3.0125241023169945e-17
0.16700000000000001	3.023773794944144e-17
0.16800000000000001	3.0350229213843801e-17
0.16900000000000001	3.0462714816377024e-17
0.17000000000000001	3.0575194757041113e-17
0.17100000000000001	3.0687669035836057e-17
0.17199999999999999	3.0800137652761869e-17
0.17299999999999999	3.0912600607818535e-17
0.17399999999999999	3.1025057901006069e-17
0.17499999999999999	3.1137509532324463e-17
0.17599999999999999	3.1249955501773719e-17
0.17699999999999999	3.1362395809353841e-17
0.17799999999999999	3.1474830455064825e-17
0.17899999999999999	3.1587259438906663e-17
0.17999999999999999	3.1699682760879375e-17
0.18099999999999999	3.1812326902411227e-17
0.182	3.1924966994041418e-17
0.183	3.2037603035769915e-17
0.184	3.2150235027596749e-17
0.185	3.2262862969521902e-17
0.186	3.2375486861545374e-17
0.187	3.2488106703667178e-17
0.188	3.26007224958873e-17
0.189	3.2713334238205741e-17
0.19	3.2825941930622514e-17
0.191	3.2938545573137605e-17
0.192	3.3051145165751022e-17
0.193	3.3163740708462763e-17
0.19400000000000001	3.3276332201272824e-17
0.19500000000000001	3.3388919644181209e-17
0.19600000000000001	3.3501503037187914e-17
0.19700000000000001	3.3614082380292956e-17
0.19800000000000001	3.3726657673496311e-17
0.19900000000000001	3.3839228916797984e-17
0.20000000000000001	3.3951796110197989e-17
0.20100000000000001	3.4064517795279511e-17
0.20200000000000001	3.4177236483891798e-17
0.20300000000000001	3.4289952176034851e-17
0.20399999999999999	3.4402664871708682e-17
0.20499999999999999	3.4515374570913272e-17
0.20599999999999999	3.462808127364864e-17
0.20699999999999999	3.4740784979914781e-17
0.20799999999999999	3.4853485689711687e-17
0.20899999999999999	3.4966183403039364e-17
0.20999999999999999	3.5078878119897814e-17
0.21099999999999999	3.5191569840287029e-17
0.21199999999999999	3.5304258564207017e-17
0.21299999999999999	3.5416944291657776e-17
0.214	3.55296270226393e-17
0.215	3.5642306757151591e-17
0.216	3.5754983495194659e-17
0.217	3.5867657236768493e-17
0.218	3.5980327981873099e-17
0.219	3.6092995730508471e-17
0.22	3.6205660482674615e-17
0.221	3.6318437382460929e-17
0.222	3.6431212003186672e-17
0.223	3.6543984344851827e-17
0.224	3.6656754407456418e-17
0.22500000000000001	3.6769522191000432e-17
0.22600000000000001	3.6882287695483882e-17
0.22700000000000001	3.6995050920906755e-17
0.22800000000000001	3.710781186726904e-17
0.22900000000000001	3.7220570534570766e-17
0.23000000000000001	3.733332692281191e-17
0.23100000000000001	3.744608103199249e-17
0.23200000000000001	3.7558832862112499e-17
0.23300000000000001	3.7671582413171919e-17
0.23400000000000001	3.7784329685170775e-17
0.23499999999999999	3.7897074678109055e-17
0.23599999999999999	3.8009817391986758e-17
0.23699999999999999	3.8122557826803896e-17
0.23799999999999999	3.8235295982560452e-17
0.23899999999999999	3.8348031859256444e-17
0.23999999999999999	3.8460765456891859e-17
0.24099999999999999	3.8573582948815287e-17
0.24199999999999999	3.868639866709369e-17
0.24299999999999999	3.8799212611727045e-17
0.24399999999999999	3.8912024782715363e-17
0.245	3.9024835180058644e-17
0.246	3.9137643803756882e-17
0.247	3.9250450653810084e-17
0.248	3.9363255730218248e-17
0.249	3.9476059032981364e-17
0.25	3.958886056209945e-17
0.251	3.9701660317572486e-17
0.252	3.9814458299400492e-17
0.253	3.9927254507583462e-17
0.254	4.0040048942121382e-17
0.255	4.0152841603014272e-17
0.25600000000000001	4.0265632490262119e-17
0.25700000000000001	4.0378421603864929e-17
0.25800000000000001	4.0491208943822703e-17
0.25900000000000001	4.0603994510135428e-17
0.26000000000000001	4.0716778302803116e-17
0.26100000000000001	4.0716524982859904e-17
0.26200000000000001	4.0716271662916692e-17
0.26300000000000001	4.071601834297348e-17
0.26400000000000001	4.0715765023030268e-17
0.26500000000000001	4.0715511703087049e-17
0.26600000000000001	4.0715258383143837e-17
0.26700000000000002	4.0715005063200625e-17
0.26800000000000002	4.0714751743257413e-17
0.26900000000000002	4.0714498423314201e-17
0.27000000000000002	4.0714245103370989e-17
0.27100000000000002	4.0713991783427777e-17
0.27200000000000002	4.0713738463484565e-17
0.27300000000000002	4.0713485143541353e-17
0.27400000000000002	4.0713231823598141e-17
0.27500000000000002	4.0712978503654929e-17
0.27600000000000002	4.0712725183711711e-17
0.27700000000000002	4.0712471863768499e-17
0.27800000000000002	4.0712218543825287e-17
0.27900000000000003	4.0711965223882075e-17
0.28000000000000003	4.0711711903938863e-17
0.28100000000000003	4.0711507538324958e-17
0.28199999999999997	4.0711303172711053e-17
0.28299999999999997	4.0711098807097141e-17
0.28399999999999997	4.0710894441483236e-17
0.28499999999999998	4.0710690075869325e-17
0.28599999999999998	4.071048571025542e-17
0.28699999999999998	4.0710281344641509e-17
0.28799999999999998	4.0710076979027604e-17
0.28899999999999998	4.0709872613413698e-17
0.28999999999999998	4.0709668247799793e-17
0.29099999999999998	4.0709463882185882e-17
0.29199999999999998	4.0709259516571977e-17
0.29299999999999998	4.0709055150958066e-17
0.29399999999999998	4.0708850785344161e-17
0.29499999999999998	4.0708646419730249e-17
0.29599999999999999	4.0708442054116344e-17
0.29699999999999999	4.0708237688502439e-17
0.29799999999999999	4.0708033322888534e-17
0.29899999999999999	4.0707828957274623e-17
0.29999999999999999	4.0707624591660718e-17
0.30099999999999999	4.0707457333386945e-17
0.30199999999999999	4.0707290075113179e-17
0.30299999999999999	4.0707122816839407e-17
0.30399999999999999	4.0706955558565635e-17
0.30499999999999999	4.0706788300291862e-17
0.30599999999999999	4.070662104201809e-17
0.307	4.0706453783744324e-17
0.308	4.0706286525470551e-17
0.309	4.0706119267196779e-17
0.31	4.0705952008923013e-17
0.311	4.0705784750649241e-17
0.312	4.0705617492375468e-17
0.313	4.0705450234101696e-17
0.314	4.0705282975827924e-17
0.315	4.0705115717554158e-17
0.316	4.0704948459280391e-17
0.317	4.0704781201006619e-17
0.318	4.0704613942732853e-17
0.31900000000000001	4.0704446684459081e-17
0.32000000000000001	4.0704279426185308e-17
0.32100000000000001	4.0704068644269831e-17
0.32200000000000001	4.070385786235436e-17
0.32300000000000001	4.0703647080438883e-17
0.32400000000000001	4.0703436298523406e-17
0.32500000000000001	4.0703225516607929e-17
0.32600000000000001	4.0703014734692458e-17
0.32700000000000001	4.070280395277698e-17
0.32800000000000001	4.0702593170861509e-17
0.32900000000000001	4.0702382388946032e-17
0.33000000000000002	4.0702171607030555e-17
0.33100000000000002	4.0701960825115078e-17
0.33200000000000002	4.0701750043199607e-17
0.33300000000000002	4.070153926128413e-17
0.33400000000000002	4.0701328479368659e-17
0.33500000000000002	4.0701117697453182e-17
0.33600000000000002	4.0700906915537705e-17
0.33700000000000002	4.0700696133622227e-17
0.33800000000000002	4.0700485351706756e-17
0.33900000000000002	4.0700274569791279e-17
0.34000000000000002	4.0700063787875802e-17
0.34100000000000003	4.0699721468936963e-17
0.34200000000000003	4.069937914999813e-17
0.34300000000000003	4.0699036831059284e-17
0.34399999999999997	4.0698694512120445e-17
0.34499999999999997	4.0698352193181612e-17
0.34599999999999997	4.0698009874242767e-17
0.34699999999999998	4.0697667555303927e-17
0.34799999999999998	4.0697325236365082e-17
0.34899999999999998	4.0696982917426249e-17
0.34999999999999998	4.069664059848741e-17
0.35099999999999998	4.0696298279548564e-17
0.35199999999999998	4.0695955960609731e-17
0.35299999999999998	4.0695613641670892e-17
0.35399999999999998	4.0695271322732046e-17
0.35499999999999998	4.0694929003793213e-17
0.35599999999999998	4.0694586684854368e-17
0.35699999999999998	4.0694244365915529e-17
0.35799999999999998	4.0693902046976689e-17
0.35899999999999999	4.069355972803785e-17
0.35999999999999999	4.0693217409099011e-17
0.36099999999999999	4.0693645682147708e-17
0.36199999999999999	4.0694073955196392e-17
0.36299999999999999	4.0694502228245089e-17
0.36399999999999999	4.0694930501293786e-17
0.36499999999999999	4.0695358774342483e-17
0.36599999999999999	4.0695787047391174e-17
0.36699999999999999	4.0696215320439865e-17
0.36799999999999999	4.0696643593488561e-17
0.36899999999999999	4.0697071866537258e-17
0.37	4.0697500139585949e-17
0.371	4.069792841263464e-17
0.372	4.0698356685683337e-17
0.373	4.0698784958732034e-17
0.374	4.0699213231780724e-17
0.375	4.0699641504829421e-17
0.376	4.0700069777878112e-17
0.377	4.0700498050926809e-17
0.378	4.0700926323975499e-17
0.379	4.0701354597024196e-17
0.38	4.0701782870072887e-17
0.38100000000000001	4.0704391930790017e-17
0.38200000000000001	4.0707000991507135e-17
0.38300000000000001	4.0709610052224258e-17
0.38400000000000001	4.0712219112941382e-17
0.38500000000000001	4.0714828173658499e-17
0.38600000000000001	4.0717437234375623e-17
0.38700000000000001	4.0720046295092753e-17
0.38800000000000001	4.0722655355809871e-17
0.38900000000000001	4.0725264416526994e-17
0.39000000000000001	4.0727873477244112e-17
0.39100000000000001	4.0730482537961235e-17
0.39200000000000002	4.0733091598678359e-17
0.39300000000000002	4.0735700659395483e-17
0.39400000000000002	4.0738309720112607e-17
0.39500000000000002	4.074091878082973e-17
0.39600000000000002	4.0743527841546848e-17
0.39700000000000002	4.0746136902263971e-17
0.39800000000000002	4.0748745962981095e-17
0.39900000000000002	4.0751355023698219e-17
0.40000000000000002	4.0753964084415343e-17
0.40100000000000002	4.0761215478612775e-17
0.40200000000000002	4.0768466872810214e-17
0.40300000000000002	4.0775718267007647e-17
0.40400000000000003	4.078296966120508e-17
0.40500000000000003	4.0790221055402519e-17
0.40600000000000003	4.0797472449599952e-17
0.40699999999999997	4.0804723843797384e-17
0.40799999999999997	4.0811975237994823e-17
0.40899999999999997	4.0819226632192256e-17
0.40999999999999998	4.0826478026389689e-17
0.41099999999999998	4.0833729420587128e-17
0.41199999999999998	4.0840980814784561e-17
0.41299999999999998	4.0848232208981994e-17
0.41399999999999998	4.0855483603179433e-17
0.41499999999999998	4.0862734997376865e-17
0.41599999999999998	4.0869986391574304e-17
0.41699999999999998	4.0877237785771737e-17
0.41799999999999998	4.088448917996917e-17
0.41899999999999998	4.0891740574166609e-17
0.41999999999999998	4.0898991968364042e-17
0.42099999999999999	4.0911127704707725e-17
0.42199999999999999	4.0923263441051414e-17
0.42299999999999999	4.0935399177395097e-17
0.42399999999999999	4.0947534913738786e-17
0.42499999999999999	4.0959670650082469e-17
0.42599999999999999	4.0971806386426158e-17
0.42699999999999999	4.0983942122769841e-17
0.42799999999999999	4.099607785911353e-17
0.42899999999999999	4.1008213595457213e-17
0.42999999999999999	4.1020349331800902e-17
0.43099999999999999	4.1032485068144591e-17
0.432	4.1044620804488274e-17
0.433	4.1056756540831963e-17
0.434	4.1068892277175646e-17
0.435	4.1081028013519335e-17
0.436	4.1093163749863018e-17
0.437	4.1105299486206708e-17
0.438	4.1117435222550391e-17
0.439	4.112957095889408e-17
0.44	4.1141706695237763e-17
0.441	4.1155383468571942e-17
0.442	4.1169060241906127e-17
0.443	4.1182737015240307e-17
0.44400000000000001	4.1196413788574486e-17
0.44500000000000001	4.1210090561908671e-17
0.44600000000000001	4.1223767335242857e-17
0.44700000000000001	4.1237444108577036e-17
0.44800000000000001	4.1251120881911222e-17
0.44900000000000001	4.1264797655245401e-17
0.45000000000000001	4.127847442857958e-17
0.45100000000000001	4.1292151201913766e-17
0.45200000000000001	4.1305827975247945e-17
0.45300000000000001	4.1319504748582124e-17
0.45400000000000001	4.133318152191631e-17
0.45500000000000002	4.1346858295250489e-17
0.45600000000000002	4.1360535068584668e-17
0.45700000000000002	4.137421184191886e-17
0.45800000000000002	4.1387888615253039e-17
0.45900000000000002	4.1401565388587218e-17
0.46000000000000002	4.1415242161921404e-17
0.46100000000000002	4.1428674736983951e-17
0.46200000000000002	4.1442107312046504e-17
0.46300000000000002	4.1455539887109051e-17
0.46400000000000002	4.1468972462171598e-17
0.46500000000000002	4.1482405037234151e-17
0.46600000000000003	4.1495837612296698e-17
0.46700000000000003	4.1509270187359245e-17
0.46800000000000003	4.1522702762421798e-17
0.46899999999999997	4.1536135337484345e-17
0.46999999999999997	4.1549567912546892e-17
0.47099999999999997	4.1563000487609445e-17
0.47199999999999998	4.1576433062671992e-17
0.47299999999999998	4.1589865637734539e-17
0.47399999999999998	4.1603298212797092e-17
0.47499999999999998	4.1616730787859639e-17
0.47599999999999998	4.1630163362922186e-17
0.47699999999999998	4.164359593798474e-17
0.47799999999999998	4.1657028513047287e-17
0.47899999999999998	4.167046108810984e-17
0.47999999999999998	4.1683893663172393e-17
0.48099999999999998	4.1697088680312754e-17
0.48199999999999998	4.1710283697453114e-17
0.48299999999999998	4.1723478714593481e-17
0.48399999999999999	4.1736673731733848e-17
0.48499999999999999	4.1749868748874215e-17
0.48599999999999999	4.1763063766014576e-17
0.48699999999999999	4.1776258783154942e-17
0.48799999999999999	4.1789453800295303e-17
0.48899999999999999	4.180264881743567e-17
0.48999999999999999	4.1815843834576037e-17
0.49099999999999999	4.1829038851716397e-17
0.49199999999999999	4.1842233868856764e-17
0.49299999999999999	4.1855428885997125e-17
0.49399999999999999	4.1868623903137492e-17
0.495	4.1881818920277859e-17
0.496	4.1895013937418219e-17
0.497	4.1908208954558586e-17
0.498	4.1921403971698947e-17
0.499	4.1934598988839314e-17
0.5	4.1947794005979681e-17
0.501	4.1961166192303066e-17
0.502	4.1974538378626445e-17
0.503	4.198791056494983e-17
0.504	4.2001282751273216e-17
0.505	4.2014654937596595e-17
0.50600000000000001	4.202802712391998e-17
0.50700000000000001	4.2041399310243359e-17
0.50800000000000001	4.2054771496566745e-17
0.50900000000000001	4.2068143682890124e-17
0.51000000000000001	4.2081515869213509e-17
0.51100000000000001	4.2094888055536895e-17
0.51200000000000001	4.2108260241860274e-17
0.51300000000000001	4.2121632428183659e-17
0.51400000000000001	4.2135004614507044e-17
0.51500000000000001	4.2148376800830423e-17
0.51600000000000001	4.2161748987153809e-17
0.51700000000000002	4.2175121173477194e-17
0.51800000000000002	4.2188493359800579e-17
0.51900000000000002	4.2201865546123959e-17
0.52000000000000002	4.2215237732447344e-17
0.52100000000000002	4.2229753850267074e-17
0.52200000000000002	4.224426996808681e-17
0.52300000000000002	4.2258786085906539e-17
0.52400000000000002	4.2273302203726269e-17
0.52500000000000002	4.2287818321545999e-17
0.52600000000000002	4.2302334439365728e-17
0.52700000000000002	4.2316850557185464e-17
0.52800000000000002	4.2331366675005194e-17
0.52900000000000003	4.2345882792824924e-17
0.53000000000000003	4.2360398910644653e-17
0.53100000000000003	4.2374915028464383e-17
0.53200000000000003	4.2389431146284119e-17
0.53300000000000003	4.2403947264103849e-17
0.53400000000000003	4.2418463381923578e-17
0.53500000000000003	4.2432979499743308e-17
0.53600000000000003	4.2447495617563038e-17
0.53700000000000003	4.2462011735382774e-17
0.53800000000000003	4.2476527853202503e-17
0.53900000000000003	4.2491043971022233e-17
0.54000000000000004	4.2505560088841963e-17
0.54100000000000004	4.2521274298943101e-17
0.54200000000000004	4.2536988509044233e-17
0.54300000000000004	4.2552702719145365e-17
0.54400000000000004	4.2568416929246503e-17
0.54500000000000004	4.2584131139347635e-17
0.54600000000000004	4.2599845349448773e-17
0.54700000000000004	4.2615559559549905e-17
0.54800000000000004	4.2631273769651037e-17
0.54900000000000004	4.2646987979752176e-17
0.55000000000000004	4.2662702189853308e-17
0.55100000000000005	4.2678416399954446e-17
0.55200000000000005	4.2694130610055578e-17
0.55300000000000005	4.2709844820156716e-17
0.55400000000000005	4.2725559030257848e-17
0.55500000000000005	4.274127324035898e-17
0.55600000000000005	4.2756987450460118e-17
0.55700000000000005	4.277270166056125e-17
0.55800000000000005	4.2788415870662388e-17
0.55900000000000005	4.280413008076352e-17
0.56000000000000005	4.2819844290864658e-17
0.56100000000000005	4.2835743239906717e-17
0.56200000000000006	4.2851642188948789e-17
0.56299999999999994	4.2867541137990848e-17
0.56399999999999995	4.2883440087032913e-17
0.56499999999999995	4.2899339036074978e-17
0.56599999999999995	4.2915237985117043e-17
0.56699999999999995	4.2931136934159114e-17
0.56799999999999995	4.2947035883201173e-17
0.56899999999999995	4.2962934832243244e-17
0.56999999999999995	4.2978833781285303e-17
0.57099999999999995	4.2994732730327375e-17
0.57199999999999995	4.3010631679369434e-17
0.57299999999999995	4.3026530628411505e-17
0.57399999999999995	4.304242957745357e-17
0.57499999999999996	4.3058328526495629e-17
0.57599999999999996	4.30742274755377e-17
0.57699999999999996	4.3090126424579759e-17
0.57799999999999996	4.3106025373621831e-17
0.57899999999999996	4.3121924322663896e-17
0.57999999999999996	4.3137823271705961e-17
0.58099999999999996	4.3153311055404652e-17
0.58199999999999996	4.3168798839103344e-17
0.58299999999999996	4.3184286622802036e-17
0.58399999999999996	4.3199774406500728e-17
0.58499999999999996	4.3215262190199419e-17
0.58599999999999997	4.3230749973898105e-17
0.58699999999999997	4.3246237757596797e-17
0.58799999999999997	4.3261725541295488e-17
0.58899999999999997	4.327721332499418e-17
0.58999999999999997	4.3292701108692872e-17
0.59099999999999997	4.3308188892391564e-17
0.59199999999999997	4.3323676676090255e-17
0.59299999999999997	4.3339164459788947e-17
0.59399999999999997	4.3354652243487639e-17
0.59499999999999997	4.3370140027186331e-17
0.59599999999999997	4.3385627810885022e-17
0.59699999999999998	4.3401115594583714e-17
0.59799999999999998	4.3416603378282406e-17
0.59899999999999998	4.3432091161981098e-17
0.59999999999999998	4.3447578945679789e-17
0.60099999999999998	4.3516354020017831e-17
0.60199999999999998	4.3585166387685882e-17
0.60299999999999998	4.3654016048683956e-17
0.60399999999999998	4.3722903003012022e-17
0.60499999999999998	4.379182725067011e-17
0.60599999999999998	4.3860788791658203e-17
0.60699999999999998	4.3929787625976305e-17
0.60799999999999998	4.3998823753624424e-17
0.60899999999999999	4.4067897174602546e-17
0.60999999999999999	4.4137007888910679e-17
0.61099999999999999	4.4206155896548828e-17
0.61199999999999999	4.4275341197516975e-17
0.61299999999999999	4.4344563791815151e-17
0.61399999999999999	4.4413823679443318e-17
0.61499999999999999	4.4483120860401502e-17
0.61599999999999999	4.4552455334689702e-17
0.61699999999999999	4.4621827102307899e-17
0.61799999999999999	4.4691236163256119e-17
0.61899999999999999	4.4760682517534344e-17
0.62	4.4830166165142578e-17
0.621	4.4899398218983172e-17
0.622	4.496866687063808e-17
0.623	4.5037972120107295e-17
0.624	4.5107313967390816e-17
0.625	4.5176692412488651e-17
0.626	4.52461074554008e-17
0.627	4.5315559096127249e-17
0.628	4.5385047334668018e-17
0.629	4.5454572171023093e-17
0.63	4.5524133605192464e-17
0.63100000000000001	4.559373163717616e-17
0.63200000000000001	4.5663366266974163e-17
0.63300000000000001	4.573303749458648e-17
0.63400000000000001	4.5802745320013104e-17
0.63500000000000001	4.5872489743254034e-17
0.63600000000000001	4.5942270764309278e-17
0.63700000000000001	4.6012088383178817e-17
0.63800000000000001	4.6081942599862681e-17
0.63900000000000001	4.6151833414360859e-17
0.64000000000000001	4.6221760826673338e-17
0.64100000000000001	4.6291445260410813e-17
0.64200000000000002	4.636116563468743e-17
0.64300000000000002	4.6430921949503183e-17
0.64400000000000002	4.6500714204858078e-17
0.64500000000000002	4.6570542400752108e-17
0.64600000000000002	4.6640406537185286e-17
0.64700000000000002	4.67103066141576e-17
0.64800000000000002	4.678024263166905e-17
0.64900000000000002	4.6850214589719647e-17
0.65000000000000002	4.6920222488309374e-17
0.65100000000000002	4.6990266327438249e-17
0.65200000000000002	4.7060346107106266e-17
0.65300000000000002	4.7130461827313418e-17
0.65400000000000003	4.7200613488059712e-17
0.65500000000000003	4.7270801089345142e-17
0.65600000000000003	4.734102463116972e-17
0.65700000000000003	4.7411284113533427e-17
0.65800000000000003	4.7481579536436276e-17
0.65900000000000003	4.7551910899878273e-17
0.66000000000000003	4.7622278203859399e-17
0.66100000000000003	4.7692409111734635e-17
0.66200000000000003	4.77625753346007e-17
0.66300000000000003	4.7832776872457573e-17
0.66400000000000003	4.7903013725305269e-17
0.66500000000000004	4.7973285893143787e-17
0.66600000000000004	4.8043593375973114e-17
0.66700000000000004	4.811393617379327e-17
0.66800000000000004	4.8184314286604235e-17
0.66900000000000004	4.8254727714406035e-17
0.67000000000000004	4.8325176457198637e-17
0.67100000000000004	4.8395660514982068e-17
0.67200000000000004	4.8466179887756321e-17
0.67300000000000004	4.8536734575521378e-17
0.67400000000000004	4.8607324578277275e-17
0.67500000000000004	4.8677949896023975e-17
0.67600000000000005	4.8748610528761497e-17
0.67700000000000005	4.8819306476489841e-17
0.67800000000000005	4.8890037739209008e-17
0.67900000000000005	4.8960804316918989e-17
0.68000000000000005	4.9031606209619781e-17
0.68100000000000005	4.9102179451576504e-17
0.68200000000000005	4.9172787415817691e-17
0.68300000000000005	4.9243430102343349e-17
0.68400000000000005	4.9314107511153495e-17
0.68500000000000005	4.9384819642248099e-17
0.68600000000000005	4.9455566495627174e-17
0.68700000000000006	4.9526348071290731e-17
0.68799999999999994	4.9597164369238758e-17
0.68899999999999995	4.9668015389471255e-17
0.68999999999999995	4.9738901131988241e-17
0.69099999999999995	4.9809821596789686e-17
0.69199999999999995	4.9880776783875612e-17
0.69299999999999995	4.9951766693246015e-17
0.69399999999999995	5.0022791324900889e-17
0.69499999999999995	5.0093850678840226e-17
0.69599999999999995	5.0164944755064052e-17
0.69699999999999995	5.0236073553572342e-17
0.69799999999999995	5.0307237074365103e-17
0.69899999999999995	5.0378435317442346e-17
0.69999999999999996	5.0449668282804065e-17
0.70099999999999996	5.0520680375267166e-17
0.70199999999999996	5.0591726628707114e-17
0.70299999999999996	5.066280704312391e-17
0.70399999999999996	5.0733921618517546e-17
0.70499999999999996	5.0805070354888023e-17
0.70599999999999996	5.0876253252235354e-17
0.70699999999999996	5.0947470310559519e-17
0.70799999999999996	5.1018721529860532e-17
0.70899999999999996	5.1090006910138398e-17
0.70999999999999996	5.1161326451393093e-17
0.71099999999999997	5.1232680153624641e-17
0.71199999999999997	5.1304068016833023e-17
0.71299999999999997	5.1375490041018266e-17
0.71399999999999997	5.1446946226180343e-17
0.71499999999999997	5.1518436572319261e-17
0.71599999999999997	5.1589961079435032e-17
0.71699999999999997	5.1661519747527639e-17
0.71799999999999997	5.1733112576597092e-17
0.71899999999999997	5.1804739566643387e-17
0.71999999999999997	5.1876400717666534e-17
0.72099999999999997	5.1947848727645609e-17
0.72199999999999998	5.2019330367176858e-17
0.72299999999999998	5.20908456362603e-17
0.72399999999999998	5.2162394534895924e-17
0.72499999999999998	5.2233977063083723e-17
0.72599999999999998	5.2305593220823709e-17
0.72699999999999998	5.237724300811587e-17
0.72799999999999998	5.2448926424960206e-17
0.72899999999999998	5.2520643471356747e-17
0.72999999999999998	5.2592394147305452e-17
0.73099999999999998	5.2664178452806331e-17
0.73199999999999998	5.273599638785941e-17
0.73299999999999998	5.2807847952464658e-17
0.73399999999999999	5.2879733146622093e-17
0.73499999999999999	5.2951651970331703e-17
0.73599999999999999	5.3023604423593506e-17
0.73699999999999999	5.3095590506407478e-17
0.73799999999999999	5.3167610218773632e-17
0.73899999999999999	5.3239663560691985e-17
0.73999999999999999	5.33117505321625e-17
0.74099999999999999	5.3383632843619167e-17
0.74199999999999999	5.3455548283342199e-17
0.74299999999999999	5.3527496851331602e-17
0.74399999999999999	5.3599478547587363e-17
0.745	5.367149337210949e-17
0.746	5.3743541324897988e-17
0.747	5.3815622405952839e-17
0.748	5.3887736615274055e-17
0.749	5.3959883952861642e-17
0.75	5.4032064418715582e-17
0.751	5.4104278012835887e-17
0.752	5.4176524735222563e-17
0.753	5.4248804585875598e-17
0.754	5.4321117564794998e-17
0.755	5.4393463671980763e-17
0.75600000000000001	5.4465842907432887e-17
0.75700000000000001	5.453825527115137e-17
0.75800000000000001	5.4610700763136218e-17
0.75900000000000001	5.4683179383387449e-17
0.76000000000000001	5.4755691131905021e-17
0.76100000000000001	5.4828005577404672e-17
0.76200000000000001	5.49003526764038e-17
0.76300000000000001	5.4972732428902392e-17
0.76400000000000001	5.5045144834900473e-17
0.76500000000000001	5.5117589894398024e-17
0.76600000000000001	5.5190067607395052e-17
0.76700000000000002	5.526257797389155e-17
0.76800000000000002	5.5335120993887525e-17
0.76900000000000002	5.5407696667382994e-17
0.77000000000000002	5.5480304994377916e-17
0.77100000000000002	5.5552945974872308e-17
0.77200000000000002	5.56256196088662e-17
0.77300000000000002	5.5698325896359564e-17
0.77400000000000002	5.5771064837352385e-17
0.77500000000000002	5.5843836431844689e-17
0.77600000000000002	5.5916640679836475e-17
0.77700000000000002	5.5989477581327732e-17
0.77800000000000002	5.6062347136318472e-17
0.77900000000000003	5.613524934480867e-17
0.78000000000000003	5.6208184206798362e-17
0.78100000000000003	5.6280904575172342e-17
0.78200000000000003	5.6353657098118215e-17
0.78300000000000003	5.6426441775635979e-17
0.78400000000000003	5.6499258607725636e-17
0.78500000000000003	5.6572107594387198e-17
0.78600000000000003	5.6644988735620627e-17
0.78700000000000003	5.6717902031425961e-17
0.78800000000000003	5.6790847481803187e-17
0.78900000000000003	5.6863825086752318e-17
0.79000000000000004	5.6936834846273317e-17
0.79100000000000004	5.700987676036622e-17
0.79200000000000004	5.7082950829031028e-17
0.79300000000000004	5.7156057052267703e-17
0.79400000000000004	5.7229195430076283e-17
0.79500000000000004	5.7302365962456768e-17
0.79600000000000004	5.7375568649409133e-17
0.79700000000000004	5.7448803490933378e-17
0.79800000000000004	5.7522070487029539e-17
0.79900000000000004	5.7595369637697569e-17
0.80000000000000004	5.7668700942937503e-17
0.80100000000000005	5.774173495220474e-17
0.80200000000000005	5.7814800464126987e-17
0.80300000000000005	5.788789747870428e-17
0.80400000000000005	5.7961025995936594e-17
0.80500000000000005	5.8034186015823967e-17
0.80600000000000005	5.8107377538366349e-17
0.80700000000000005	5.8180600563563765e-17
0.80800000000000005	5.8253855091416228e-17
0.80900000000000005	5.8327141121923724e-17
0.81000000000000005	5.8400458655086241e-17
0.81100000000000005	5.8473807690903793e-17
0.81200000000000006	5.8547188229376391e-17
0.81299999999999994	5.8620600270503998e-17
0.81399999999999995	5.8694043814286664e-17
0.81499999999999995	5.8767518860724351e-17
0.81599999999999995	5.8841025409817072e-17
0.81699999999999995	5.8914563461564839e-17
0.81799999999999995	5.8988133015967628e-17
0.81899999999999995	5.9061734073025439e-17
0.81999999999999995	5.9135366632738308e-17
0.82099999999999995	5.9208842454512521e-17
0.82199999999999995	5.9282349413679016e-17
0.82299999999999995	5.9355887510237842e-17
0.82399999999999995	5.9429456744188938e-17
0.82499999999999996	5.950305711553234e-17
0.82599999999999996	5.9576688624268049e-17
0.82699999999999996	5.9650351270396039e-17
0.82799999999999996	5.9724045053916337e-17
0.82899999999999996	5.9797769974828928e-17
0.82999999999999996	5.9871526033133825e-17
0.83099999999999996	5.9945313228831005e-17
0.83199999999999996	6.0019131561920491e-17
0.83299999999999996	6.0092981032402271e-17
0.83399999999999996	6.0166861640276358e-17
0.83499999999999996	6.0240773385542739e-17
0.83599999999999997	6.0314716268201414e-17
0.83699999999999997	6.0388690288252396e-17
0.83799999999999997	6.0462695445695671e-17
0.83899999999999997	6.0536731740531229e-17
0.83999999999999997	6.0610799172759105e-17
0.84099999999999997	6.0685114662989646e-17
0.84199999999999997	6.0759461703514062e-17
0.84299999999999997	6.0833840294332379e-17
0.84399999999999997	6.0908250435444571e-17
0.84499999999999997	6.0982692126850651e-17
0.84599999999999997	6.1057165368550619e-17
0.84699999999999998	6.1131670160544462e-17
0.84799999999999998	6.1206206502832206e-17
0.84899999999999998	6.1280774395413825e-17
0.84999999999999998	6.1355373838289332e-17
0.85099999999999998	6.1430004831458715e-17
0.85199999999999998	6.1504667374921985e-17
0.85299999999999998	6.1579361468679156e-17
0.85399999999999998	6.1654087112730203e-17
0.85499999999999998	6.1728844307075125e-17
0.85599999999999998	6.1803633051713934e-17
0.85699999999999998	6.1878453346646645e-17
0.85799999999999998	6.195330519187323e-17
0.85899999999999999	6.2028188587393692e-17
0.85999999999999999	6.2103103533208053e-17
0.86099999999999999	6.217867823026275e-17
0.86199999999999999	6.2254285651036385e-17
0.86299999999999999	6.2329925795528957e-17
0.86399999999999999	6.2405598663740455e-17
0.86499999999999999	6.2481304255670878e-17
0.86599999999999999	6.2557042571320251e-17
0.86699999999999999	6.263281361068855e-17
0.86799999999999999	6.2708617373775762e-17
0.86899999999999999	6.2784453860581923e-17
0.87	6.2860323071107011e-17
0.871	6.2936225005351036e-17
0.872	6.3012159663313986e-17
0.873	6.3088127044995874e-17
0.874	6.3164127150396688e-17
0.875	6.3240159979516414e-17
0.876	6.3316225532355104e-17
0.877	6.3392323808912718e-17
0.878	6.3468454809189258e-17
0.879	6.3544618533184723e-17
0.88	6.3620814980899138e-17
0.88100000000000001	6.3697742730148768e-17
0.88200000000000001	6.3774704484073162e-17
0.88300000000000001	6.3851700242672283e-17
0.88400000000000001	6.3928730005946142e-17
0.88500000000000001	6.4005793773894742e-17
0.88600000000000001	6.408289154651808e-17
0.88700000000000001	6.4160023323816145e-17
0.88800000000000001	6.4237189105788962e-17
0.88900000000000001	6.431438889243653e-17
0.89000000000000001	6.4391622683758813e-17
0.89100000000000001	6.4468890479755835e-17
0.89200000000000002	6.4546192280427621e-17
0.89300000000000002	6.4623528085774122e-17
0.89400000000000002	6.4700897895795362e-17
0.89500000000000002	6.4778301710491353e-17
0.89600000000000002	6.4855739529862084e-17
0.89700000000000002	6.4933211353907541e-17
0.89800000000000002	6.5010717182627738e-17
0.89900000000000002	6.5088257016022674e-17
0.90000000000000002	6.5165830854092362e-17
0.90100000000000002	6.5243743623699664e-17
0.90200000000000002	6.5321690947046596e-17
0.90300000000000002	6.5399672824133181e-17
0.90400000000000003	6.5477689254959384e-17
0.90500000000000003	6.5555740239525228e-17
0.90600000000000003	6.5633825777830727e-17
0.90700000000000003	6.5711945869875842e-17
0.90800000000000003	6.5790100515660599e-17
0.90900000000000003	6.5868289715184998e-17
0.91000000000000003	6.5946513468449026e-17
0.91100000000000003	6.6024771775452683e-17
0.91200000000000003	6.6103064636195994e-17
0.91300000000000003	6.6181392050678923e-17
0.91400000000000003	6.6259754018901493e-17
0.91500000000000004	6.6338150540863704e-17
0.91600000000000004	6.6416581616565545e-17
0.91700000000000004	6.6495047246007028e-17
0.91800000000000004	6.6573547429188164e-17
0.91900000000000004	6.6652082166108906e-17
0.92000000000000004	6.6730651456769301e-17
0.92100000000000004	6.6809640868657155e-17
0.92200000000000004	6.6888665516274439e-17
0.92300000000000004	6.6967725399621167e-17
0.92400000000000004	6.7046820518697288e-17
0.92500000000000004	6.7125950873502853e-17
0.92600000000000005	6.7205116464037849e-17
0.92700000000000005	6.728431729030225e-17
0.92800000000000005	6.7363553352296083e-17
0.92900000000000005	6.7442824650019359e-17
0.93000000000000005	6.7522131183472041e-17
0.93100000000000005	6.7601472952654141e-17
0.93200000000000005	6.7680849957565685e-17
0.93300000000000005	6.7760262198206635e-17
0.93400000000000005	6.7839709674577016e-17
0.93500000000000005	6.791919238667684e-17
0.93600000000000005	6.7998710334506057e-17
0.93700000000000006	6.8078263518064718e-17
0.93799999999999994	6.8157851937352786e-17
0.93899999999999995	6.8237475592370284e-17
0.93999999999999995	6.8317134483117225e-17
0.94099999999999995	6.8397882621022614e-17
0.94199999999999995	6.8478667826584395e-17
0.94299999999999995	6.8559490099802582e-17
0.94399999999999995	6.8640349440677136e-17
0.94499999999999995	6.872124584920807e-17
0.94599999999999995	6.8802179325395397e-17
0.94699999999999995	6.8883149869239128e-17
0.94799999999999995	6.8964157480739228e-17
0.94899999999999995	6.9045202159895707e-17
0.94999999999999996	6.9126283906708579e-17
0.95099999999999996	6.9207402721177856e-17
0.95199999999999996	6.9288558603303489e-17
0.95299999999999996	6.9369751553085514e-17
0.95399999999999996	6.9450981570523943e-17
0.95499999999999996	6.9532248655618753e-17
0.95599999999999996	6.9613552808369931e-17
0.95699999999999996	6.9694894028777514e-17
0.95799999999999996	6.9776272316841464e-17
0.95899999999999996	6.9857687672561807e-17
0.95999999999999996	6.9939140095938555e-17
0.96099999999999997	7.0022996767245734e-17
0.96199999999999997	7.0106894550205575e-17
0.96299999999999997	7.01908334448181e-17
0.96399999999999997	7.0274813451083299e-17
0.96499999999999997	7.0358834569001184e-17
0.96599999999999997	7.0442896798571742e-17
0.96699999999999997	7.0527000139794972e-17
0.96799999999999997	7.0611144592670864e-17
0.96899999999999997	7.0695330157199441e-17
0.96999999999999997	7.0779556833380704e-17
0.97099999999999997	7.0863824621214639e-17
0.97199999999999998	7.0948133520701236e-17
0.97299999999999998	7.1032483531840518e-17
0.97399999999999998	7.1116874654632486e-17
0.97499999999999998	7.1201306889077114e-17
0.97599999999999998	7.1285780235174416e-17
0.97699999999999998	7.1370294692924415e-17
0.97799999999999998	7.1454850262327075e-17
0.97899999999999998	7.1539446943382408e-17
0.97999999999999998	7.1624084736090427e-17
0.98099999999999998	7.17116042167745e-17
0.98199999999999998	7.1799169580328887e-17
0.98299999999999998	7.1886780826753576e-17
0.98399999999999999	7.1974437956048567e-17
0.98499999999999999	7.2062140968213846e-17
0.98599999999999999	7.214988986324944e-17
0.98699999999999999	7.2237684641155336e-17
0.98799999999999999	7.2325525301931533e-17
0.98899999999999999	7.2413411845578032e-17
0.98999999999999999	7.2501344272094832e-17
0.99099999999999999	7.2589322581481934e-17
0.99199999999999999	7.2677346773739338e-17
0.99299999999999999	7.2765416848867044e-17
0.99399999999999999	7.2853532806865063e-17
0.995	7.2941694647733372e-17
0.996	7.3029902371471983e-17
0.997	7.3118155978080908e-17
0.998	7.3206455467560122e-17
0.999	7.3294800839909637e-17
1	7.3383192095129467e-17
1.1000000000000001	8.3197671317633336e-17
1.2	8.7889968290221742e-17
1.3	9.3523829972294702e-17
1.3999999999999999	1.0056372609173437e-16
1.5	1.086930360561062e-16
1.6000000000000001	1.1766677767932377e-16
1.7	1.2744090520759571e-16
1.8	1.3835916935940715e-16
1.8999999999999999	1.5072152482810547e-16
2	1.6350906774861165e-16
2.1000000000000001	1.7693767203610985e-16
2.2000000000000002	1.9170653381314143e-16
2.2999999999999998	2.0875463429147313e-16
2.3999999999999999	2.2911815963505948e-16
2.5	2.5363494805026498e-16
2.6000000000000001	2.8289236497362706e-16
2.7000000000000002	3.173446426407348e-16
2.7999999999999998	3.5770007275935933e-16
2.8999999999999999	4.0530114318678358e-16
3	4.6209203792682474e-16
3.1000000000000001	5.3037403591336962e-16
3.2000000000000002	6.1213188152935261e-16
3.2999999999999998	7.0831282775189339e-16
3.3999999999999999	8.1804866567234407e-16
3.5	9.3854726630272937e-16
3.6000000000000001	1.0653434918746093e-15
3.7000000000000002	1.1928083349566805e-15
3.7999999999999998	1.3150822900962829e-15
3.8999999999999999	1.4269557246170276e-15
4	1.5245290257897398e-15
4.0999999999999996	1.6055693143519128e-15
4.2000000000000002	1.6694967432547111e-15
4.2999999999999998	1.7171195885809034e-15
4.4000000000000004	1.7502680391297909e-15
4.5	1.7712229947744464e-15
4.5999999999999996	1.7822905983397845e-15
4.7000000000000002	1.7855578148081165e-15
4.7999999999999998	1.7827534457119397e-15
4.9000000000000004	1.7751835323377821e-15
5	1.7638069733231124e-15
5.0999999999999996	1.749360478788175e-15
5.2000000000000002	1.7324433330323634e-15
5.2999999999999998	1.7135750475969921e-15
5.4000000000000004	1.6932410563946393e-15
5.5	1.6718879610846944e-15
5.5999999999999996	1.6499139738191576e-15
5.7000000000000002	1.6276541737707214e-15
5.7999999999999998	1.6053581194674748e-15
5.9000000000000004	1.5831912364371722e-15
6	1.5612543397862724e-15
6.0999999999999996	1.5396049481197854e-15
6.2000000000000002	1.5182782824640072e-15
6.2999999999999998	1.4973048625885084e-15
6.4000000000000004	1.4767225783007871e-15
6.5	1.4565886798212452e-15
6.5999999999999996	1.4369655352148464e-15
6.7000000000000002	1.4179139566505499e-15
6.7999999999999998	1.399487432706332e-15
6.9000000000000004	1.3817234679188607e-15
7	1.3646422084309912e-15
7.0999999999999996	1.3482461060739774e-15
7.2000000000000002	1.3325261878837454e-15
7.2999999999999998	1.3174683410764693e-15
7.4000000000000004	1.3030597013330219e-15
7.5	1.2892927731666608e-15
7.5999999999999996	1.2761668899893474e-15
7.7000000000000002	1.2636908495688405e-15
7.7999999999999998	1.2518770029125996e-15
7.9000000000000004	1.2407386134953066e-15
8	1.2302848603312644e-15
8.0999999999999996	1.220519003226757e-15
8.1999999999999993	1.2114373231741476e-15
8.3000000000000007	1.2030286257105607e-15
8.4000000000000004	1.1952761540782928e-15
8.5	1.188160012903948e-15
8.5999999999999996	1.1816604994578623e-15
8.6999999999999993	1.1757593772324069e-15
8.8000000000000007	1.1855865134522364e-15
8.9000000000000004	1.1965332037046146e-15
9	1.2076867039626668e-15
9.0999999999999996	1.219166183651176e-15
9.1999999999999993	1.2303382043463153e-15
9.3000000000000007	1.2411265623095721e-15
9.4000000000000004	1.2515848929961383e-15
9.5	1.2622315498696673e-15
9.5999999999999996	1.2725507138628197e-15
9.6999999999999993	1.2825534627567948e-15
9.8000000000000007	1.2928205089340121e-15
9.9000000000000004	1.3027817286456153e-15
10	1.3119077602985192e-15
10.5	1.3527531846788202e-15
11	1.3872667022799462e-15
11.5	1.4169660272910621e-15
12	1.4422245922214559e-15
12.5	1.4643645847585446e-15
13	1.4817106651419715e-15
13.5	1.4916598353745331e-15
14	1.495293910194041e-15
14.5	1.4925640814272077e-15
15	1.4825703377766678e-15
15.5	1.4656504880539334e-15
16	1.4412675010167349e-15
16.5	1.4108007417560105e-15
17	1.3732730513587744e-15
17.5	1.3297951915414497e-15
18	1.2821428796744719e-15
18.5	1.2335686265706229e-15
19	1.1855144586321907e-15
19.5	1.1386263252524599e-15
20	1.0972136756151706e-15
20.5	1.0605322435913791e-15
21	1.0293230070867603e-15
21.5	1.0028960224575229e-15
22	9.8148509455247703e-16
22.5	9.6422015842998919e-16
23	9.5039529972069796e-16
23.5	9.3959204615175583e-16
24	9.3118457229380225e-16
24.5	9.2462146405265512e-16
25	9.1926761363964238e-16
25.5	9.1456951017020313e-16
26	9.1048502021587005e-16
26.5	9.0677718431220502e-16
27	9.0337681053958666e-16
27.5	9.0020428530265904e-16
28	8.9695975986901668e-16
28.5	8.9356470109498687e-16
29	8.8995253724987857e-16
29.5	8.8602296296303897e-16
30	8.8176857584809468e-16
30.5	8.7718860326569326e-16
31	8.7244427225958325e-16
31.5	8.6735579032193199e-16
32	8.6211748683733628e-16
32.5	8.5656223826886373e-16
33	8.5075225925988681e-16
33.5	8.4470395732683653e-16
34	8.384300584255555e-16
34.5	8.319091615102531e-16
35	8.2518160065810498e-16
35.5	8.1841794653316445e-16
36	8.1152673476067498e-16
36.5	8.0477210068724327e-16
37	7.9810609627138442e-16
37.5	7.9152700364198632e-16
38	7.8512876333446261e-16
38.5	7.7882666419953109e-16
39	7.7254519181348184e-16
39.5	7.6648913581196666e-16
40	7.6047078507850385e-16
40.5	7.5454402784756323e-16
41	7.4874110869312649e-16
41.5	7.4304688841119458e-16
42	7.3737639960727844e-16
42.5	7.3183879660919203e-16
43	7.2646722700309026e-16
43.5	7.2111959044036123e-16
44	7.1586984024225678e-16
44.5	7.1070774973160701e-16
45	7.0560226244363229e-16
45.5	7.0061066098083715e-16
46	6.9570686396563453e-16
46.5	6.9085475902399773e-16
47	6.8605328684574527e-16
47.5	6.8133388468629719e-16
48	6.7671785889887636e-16
48.5	6.7216218291108356e-16
49	6.6772288500950755e-16
49.5	6.6332973914321622e-16
50	6.5898049094840864e-16
