//1	2	1	1	0	0	0	0
//Energy[eV]	XS[cm2]
0	3.9150000000000048e-17
0.001	3.9116742404968536e-17
0.002	3.6999032286740389e-17
0.0030000000000000001	3.4902225301855558e-17
0.0040000000000000001	3.3273671691828563e-17
0.0050000000000000001	3.1715415493988533e-17
0.0060000000000000001	2.9802661989438246e-17
0.0070000000000000001	2.8020381721041231e-17
0.0080000000000000002	2.6793626398802343e-17
0.0089999999999999993	2.5420118729476306e-17
0.01	2.3808020083806772e-17
0.010999999999999999	2.337392431667115e-17
0.012	2.3353881072732161e-17
0.012999999999999999	2.3333837828793168e-17
0.014	2.3313794584854181e-17
0.014999999999999999	2.3293751340915191e-17
0.016	2.3273708096976201e-17
0.017000000000000001	2.3253664853037212e-17
0.017999999999999999	2.3233621609098225e-17
0.019	2.3213578365159235e-17
0.02	2.3193535121220245e-17
0.021000000000000001	2.318493736868234e-17
0.021999999999999999	2.3176339616144438e-17
0.023	2.3167741863606533e-17
0.024	2.3159144111068625e-17
0.025000000000000001	2.3150546358530723e-17
0.025999999999999999	2.3141948605992818e-17
0.027	2.3133350853454913e-17
0.028000000000000001	2.3124753100917011e-17
0.029000000000000001	2.3116155348379106e-17
0.029999999999999999	2.3107557595841204e-17
0.031	2.3098959843303299e-17
0.032000000000000001	2.3090362090765394e-17
0.033000000000000002	2.3081764338227493e-17
0.034000000000000002	2.3073166585689588e-17
0.035000000000000003	2.3064568833151683e-17
0.035999999999999997	2.3055971080613781e-17
0.036999999999999998	2.3047373328075876e-17
0.037999999999999999	2.3038775575537971e-17
0.039	2.3030177823000069e-17
0.040000000000000001	2.3021580070462161e-17
0.041000000000000002	2.301561921806043e-17
0.042000000000000003	2.3009658365658699e-17
0.042999999999999997	2.3003697513256972e-17
0.043999999999999997	2.2997736660855238e-17
0.044999999999999998	2.2991775808453507e-17
0.045999999999999999	2.2985814956051776e-17
0.047	2.2979854103650043e-17
0.048000000000000001	2.2973893251248315e-17
0.049000000000000002	2.2967932398846584e-17
0.050000000000000003	2.2961971546444854e-17
0.050999999999999997	2.295601069404312e-17
0.051999999999999998	2.2950049841641389e-17
0.052999999999999999	2.2944088989239662e-17
0.053999999999999999	2.2938128136837928e-17
0.055	2.2932167284436197e-17
0.056000000000000001	2.2926206432034467e-17
0.057000000000000002	2.2920245579632736e-17
0.058000000000000003	2.2914284727231005e-17
0.058999999999999997	2.2908323874829275e-17
0.059999999999999998	2.2902363022427544e-17
0.060999999999999999	2.289748387382981e-17
0.062	2.289260472523208e-17
0.063	2.2887725576634347e-17
0.064000000000000001	2.2882846428036616e-17
0.065000000000000002	2.2877967279438883e-17
0.066000000000000003	2.2873088130841152e-17
0.067000000000000004	2.2868208982243419e-17
0.068000000000000005	2.2863329833645689e-17
0.069000000000000006	2.2858450685047955e-17
0.070000000000000007	2.2853571536450225e-17
0.070999999999999994	2.2848692387852491e-17
0.071999999999999995	2.2843813239254761e-17
0.072999999999999995	2.2838934090657027e-17
0.073999999999999996	2.2834054942059297e-17
0.074999999999999997	2.2829175793461564e-17
0.075999999999999998	2.2824296644863833e-17
0.076999999999999999	2.28194174962661e-17
0.078	2.2814538347668369e-17
0.079000000000000001	2.2809659199070636e-17
0.080000000000000002	2.2804780050472906e-17
0.081000000000000003	2.2801485159736161e-17
0.082000000000000003	2.2798190268999413e-17
0.083000000000000004	2.2794895378262665e-17
0.084000000000000005	2.279160048752592e-17
0.085000000000000006	2.2788305596789175e-17
0.085999999999999993	2.2785010706052427e-17
0.086999999999999994	2.2781715815315682e-17
0.087999999999999995	2.2778420924578934e-17
0.088999999999999996	2.2775126033842186e-17
0.089999999999999997	2.2771831143105441e-17
0.090999999999999998	2.2768536252368696e-17
0.091999999999999998	2.2765241361631949e-17
0.092999999999999999	2.2761946470895201e-17
0.094	2.2758651580158456e-17
0.095000000000000001	2.2755356689421711e-17
0.096000000000000002	2.2752061798684963e-17
0.097000000000000003	2.2748766907948218e-17
0.098000000000000004	2.274547201721147e-17
0.099000000000000005	2.2742177126474722e-17
0.10000000000000001	2.2738882235737977e-17
0.10100000000000001	2.2736734060117055e-17
0.10199999999999999	2.2734585884496126e-17
0.10299999999999999	2.2732437708875204e-17
0.104	2.2730289533254279e-17
0.105	2.2728141357633356e-17
0.106	2.2725993182012431e-17
0.107	2.2723845006391505e-17
0.108	2.2721696830770583e-17
0.109	2.2719548655149655e-17
0.11	2.2717400479528732e-17
0.111	2.271525230390781e-17
0.112	2.2713104128286885e-17
0.113	2.2710955952665959e-17
0.114	2.2708807777045034e-17
0.115	2.2706659601424112e-17
0.11600000000000001	2.2704511425803186e-17
0.11700000000000001	2.2702363250182261e-17
0.11799999999999999	2.2700215074561339e-17
0.11899999999999999	2.2698066898940413e-17
0.12	2.2695918723319488e-17
0.121	2.2694646332086157e-17
0.122	2.2693373940852821e-17
0.123	2.2692101549619488e-17
0.124	2.2690829158386154e-17
0.125	2.2689556767152821e-17
0.126	2.2688284375919485e-17
0.127	2.2687011984686151e-17
0.128	2.2685739593452818e-17
0.129	2.2684467202219485e-17
0.13	2.2683194810986148e-17
0.13100000000000001	2.2681922419752818e-17
0.13200000000000001	2.2680650028519481e-17
0.13300000000000001	2.2679377637286148e-17
0.13400000000000001	2.2678105246052815e-17
0.13500000000000001	2.2676832854819481e-17
0.13600000000000001	2.2675560463586145e-17
0.13700000000000001	2.2674288072352815e-17
0.13800000000000001	2.2673015681119478e-17
0.13900000000000001	2.2671743289886145e-17
0.14000000000000001	2.2670470898652808e-17
0.14099999999999999	2.2669645067808212e-17
0.14199999999999999	2.2668819236963612e-17
0.14299999999999999	2.2667993406119013e-17
0.14399999999999999	2.2667167575274413e-17
0.14499999999999999	2.2666341744429813e-17
0.14599999999999999	2.2665515913585214e-17
0.14699999999999999	2.2664690082740614e-17
0.14799999999999999	2.2663864251896014e-17
0.14899999999999999	2.2663038421051415e-17
0.14999999999999999	2.2662212590206818e-17
0.151	2.2661386759362215e-17
0.152	2.2660560928517619e-17
0.153	2.2659735097673016e-17
0.154	2.2658909266828419e-17
0.155	2.2658083435983817e-17
0.156	2.265725760513922e-17
0.157	2.2656431774294617e-17
0.158	2.2655605943450021e-17
0.159	2.2654780112605421e-17
0.16	2.2653954281760821e-17
0.161	2.2653388094847045e-17
0.16200000000000001	2.2652821907933266e-17
0.16300000000000001	2.2652255721019489e-17
0.16400000000000001	2.265168953410571e-17
0.16500000000000001	2.2651123347191934e-17
0.16600000000000001	2.2650557160278155e-17
0.16700000000000001	2.2649990973364375e-17
0.16800000000000001	2.2649424786450599e-17
0.16900000000000001	2.264885859953682e-17
0.17000000000000001	2.2648292412623046e-17
0.17100000000000001	2.2647726225709267e-17
0.17199999999999999	2.2647160038795491e-17
0.17299999999999999	2.2646593851881711e-17
0.17399999999999999	2.2646027664967935e-17
0.17499999999999999	2.2645461478054156e-17
0.17599999999999999	2.264489529114038e-17
0.17699999999999999	2.26443291042266e-17
0.17799999999999999	2.2643762917312824e-17
0.17899999999999999	2.2643196730399045e-17
0.17999999999999999	2.2642630543485268e-17
0.18099999999999999	2.2642225553317602e-17
0.182	2.2641820563149939e-17
0.183	2.2641415572982275e-17
0.184	2.2641010582814615e-17
0.185	2.2640605592646949e-17
0.186	2.2640200602479285e-17
0.187	2.2639795612311622e-17
0.188	2.2639390622143958e-17
0.189	2.2638985631976292e-17
0.19	2.2638580641808632e-17
0.191	2.2638175651640968e-17
0.192	2.2637770661473305e-17
0.193	2.2637365671305638e-17
0.19400000000000001	2.2636960681137975e-17
0.19500000000000001	2.2636555690970312e-17
0.19600000000000001	2.2636150700802648e-17
0.19700000000000001	2.2635745710634985e-17
0.19800000000000001	2.2635340720467322e-17
0.19900000000000001	2.2634935730299658e-17
0.20000000000000001	2.2634530740131995e-17
0.20100000000000001	2.2634231093208977e-17
0.20200000000000001	2.2633931446285959e-17
0.20300000000000001	2.2633631799362941e-17
0.20399999999999999	2.2633332152439923e-17
0.20499999999999999	2.2633032505516905e-17
0.20599999999999999	2.2632732858593887e-17
0.20699999999999999	2.2632433211670869e-17
0.20799999999999999	2.2632133564747851e-17
0.20899999999999999	2.2631833917824833e-17
0.20999999999999999	2.2631534270901818e-17
0.21099999999999999	2.26312346239788e-17
0.21199999999999999	2.2630934977055782e-17
0.21299999999999999	2.2630635330132764e-17
0.214	2.2630335683209746e-17
0.215	2.2630036036286728e-17
0.216	2.262973638936371e-17
0.217	2.2629436742440692e-17
0.218	2.2629137095517674e-17
0.219	2.2628837448594656e-17
0.22	2.2628537801671638e-17
0.221	2.2628309895614286e-17
0.222	2.2628081989556936e-17
0.223	2.2627854083499584e-17
0.224	2.2627626177442234e-17
0.22500000000000001	2.2627398271384885e-17
0.22600000000000001	2.2627170365327533e-17
0.22700000000000001	2.2626942459270183e-17
0.22800000000000001	2.2626714553212831e-17
0.22900000000000001	2.2626486647155482e-17
0.23000000000000001	2.2626258741098129e-17
0.23100000000000001	2.262603083504078e-17
0.23200000000000001	2.2625802928983431e-17
0.23300000000000001	2.2625575022926078e-17
0.23400000000000001	2.2625347116868726e-17
0.23499999999999999	2.2625119210811376e-17
0.23599999999999999	2.2624891304754027e-17
0.23699999999999999	2.2624663398696678e-17
0.23799999999999999	2.2624435492639322e-17
0.23899999999999999	2.2624207586581973e-17
0.23999999999999999	2.2623979680524624e-17
0.24099999999999999	2.2623802316020702e-17
0.24199999999999999	2.2623624951516777e-17
0.24299999999999999	2.2623447587012855e-17
0.24399999999999999	2.2623270222508934e-17
0.245	2.2623092858005012e-17
0.246	2.2622915493501091e-17
0.247	2.2622738128997169e-17
0.248	2.2622560764493244e-17
0.249	2.2622383399989322e-17
0.25	2.2622206035485401e-17
0.251	2.2622028670981476e-17
0.252	2.2621851306477554e-17
0.253	2.2621673941973633e-17
0.254	2.2621496577469708e-17
0.255	2.2621319212965789e-17
0.25600000000000001	2.2621141848461868e-17
0.25700000000000001	2.2620964483957943e-17
0.25800000000000001	2.2620787119454021e-17
0.25900000000000001	2.26206097549501e-17
0.26000000000000001	2.2620432390446175e-17
0.26100000000000001	2.2620291657144393e-17
0.26200000000000001	2.2620150923842607e-17
0.26300000000000001	2.2620010190540822e-17
0.26400000000000001	2.2619869457239039e-17
0.26500000000000001	2.2619728723937251e-17
0.26600000000000001	2.2619587990635465e-17
0.26700000000000002	2.2619447257333683e-17
0.26800000000000002	2.2619306524031897e-17
0.26900000000000002	2.2619165790730112e-17
0.27000000000000002	2.2619025057428329e-17
0.27100000000000002	2.2618884324126544e-17
0.27200000000000002	2.2618743590824758e-17
0.27300000000000002	2.2618602857522976e-17
0.27400000000000002	2.2618462124221191e-17
0.27500000000000002	2.2618321390919405e-17
0.27600000000000002	2.261818065761762e-17
0.27700000000000002	2.2618039924315834e-17
0.27800000000000002	2.2617899191014049e-17
0.27900000000000003	2.2617758457712266e-17
0.28000000000000003	2.2617617724410481e-17
0.28100000000000003	2.261750418795831e-17
0.28199999999999997	2.2617390651506139e-17
0.28299999999999997	2.2617277115053968e-17
0.28399999999999997	2.2617163578601797e-17
0.28499999999999998	2.2617050042149626e-17
0.28599999999999998	2.2616936505697459e-17
0.28699999999999998	2.2616822969245285e-17
0.28799999999999998	2.2616709432793114e-17
0.28899999999999998	2.2616595896340943e-17
0.28999999999999998	2.2616482359888775e-17
0.29099999999999998	2.2616368823436601e-17
0.29199999999999998	2.261625528698443e-17
0.29299999999999998	2.2616141750532263e-17
0.29399999999999998	2.2616028214080092e-17
0.29499999999999998	2.2615914677627918e-17
0.29599999999999999	2.261580114117575e-17
0.29699999999999999	2.2615687604723579e-17
0.29799999999999999	2.2615574068271408e-17
0.29899999999999999	2.2615460531819234e-17
0.29999999999999999	2.2615346995367066e-17
0.30099999999999999	2.261525407410386e-17
0.30199999999999999	2.2615161152840656e-17
0.30299999999999999	2.2615068231577449e-17
0.30399999999999999	2.2614975310314242e-17
0.30499999999999999	2.2614882389051035e-17
0.30599999999999999	2.2614789467787828e-17
0.307	2.2614696546524625e-17
0.308	2.2614603625261418e-17
0.309	2.2614510703998211e-17
0.31	2.261441778273501e-17
0.311	2.2614324861471803e-17
0.312	2.2614231940208597e-17
0.313	2.261413901894539e-17
0.314	2.2614046097682183e-17
0.315	2.2613953176418979e-17
0.316	2.2613860255155772e-17
0.317	2.2613767333892565e-17
0.318	2.2613674412629362e-17
0.31900000000000001	2.2613581491366155e-17
0.32000000000000001	2.2613488570102948e-17
0.32100000000000001	2.2613371469038797e-17
0.32200000000000001	2.2613254367974644e-17
0.32300000000000001	2.2613137266910493e-17
0.32400000000000001	2.2613020165846337e-17
0.32500000000000001	2.2612903064782183e-17
0.32600000000000001	2.2612785963718032e-17
0.32700000000000001	2.2612668862653879e-17
0.32800000000000001	2.2612551761589728e-17
0.32900000000000001	2.2612434660525575e-17
0.33000000000000002	2.2612317559461421e-17
0.33100000000000002	2.2612200458397267e-17
0.33200000000000002	2.2612083357333114e-17
0.33300000000000002	2.2611966256268963e-17
0.33400000000000002	2.2611849155204809e-17
0.33500000000000002	2.2611732054140659e-17
0.33600000000000002	2.2611614953076505e-17
0.33700000000000002	2.2611497852012349e-17
0.33800000000000002	2.2611380750948198e-17
0.33900000000000002	2.2611263649884044e-17
0.34000000000000002	2.2611146548819894e-17
0.34100000000000003	2.2610956371631646e-17
0.34200000000000003	2.2610766194443404e-17
0.34300000000000003	2.261057601725516e-17
0.34399999999999997	2.2610385840066915e-17
0.34499999999999997	2.2610195662878673e-17
0.34599999999999997	2.2610005485690429e-17
0.34699999999999998	2.2609815308502181e-17
0.34799999999999998	2.2609625131313936e-17
0.34899999999999998	2.2609434954125694e-17
0.34999999999999998	2.260924477693745e-17
0.35099999999999998	2.2609054599749205e-17
0.35199999999999998	2.2608864422560963e-17
0.35299999999999998	2.2608674245372716e-17
0.35399999999999998	2.2608484068184471e-17
0.35499999999999998	2.2608293890996229e-17
0.35599999999999998	2.2608103713807985e-17
0.35699999999999998	2.260791353661974e-17
0.35799999999999998	2.2607723359431495e-17
0.35899999999999999	2.2607533182243254e-17
0.35999999999999999	2.2607343005055006e-17
0.36099999999999999	2.2607580934526503e-17
0.36199999999999999	2.2607818863997997e-17
0.36299999999999999	2.2608056793469497e-17
0.36399999999999999	2.2608294722940995e-17
0.36499999999999999	2.2608532652412492e-17
0.36599999999999999	2.2608770581883986e-17
0.36699999999999999	2.2609008511355483e-17
0.36799999999999999	2.2609246440826981e-17
0.36899999999999999	2.2609484370298478e-17
0.37	2.2609722299769972e-17
0.371	2.2609960229241469e-17
0.372	2.2610198158712967e-17
0.373	2.2610436088184464e-17
0.374	2.2610674017655958e-17
0.375	2.2610911947127455e-17
0.376	2.2611149876598952e-17
0.377	2.261138780607045e-17
0.378	2.2611625735541944e-17
0.379	2.2611863665013444e-17
0.38	2.2612101594484941e-17
0.38100000000000001	2.261355107266112e-17
0.38200000000000001	2.2615000550837299e-17
0.38300000000000001	2.2616450029013478e-17
0.38400000000000001	2.2617899507189657e-17
0.38500000000000001	2.2619348985365835e-17
0.38600000000000001	2.2620798463542014e-17
0.38700000000000001	2.2622247941718196e-17
0.38800000000000001	2.2623697419894372e-17
0.38900000000000001	2.2625146898070554e-17
0.39000000000000001	2.2626596376246729e-17
0.39100000000000001	2.2628045854422911e-17
0.39200000000000002	2.262949533259909e-17
0.39300000000000002	2.2630944810775269e-17
0.39400000000000002	2.2632394288951448e-17
0.39500000000000002	2.263384376712763e-17
0.39600000000000002	2.2635293245303805e-17
0.39700000000000002	2.2636742723479987e-17
0.39800000000000002	2.2638192201656166e-17
0.39900000000000002	2.2639641679832345e-17
0.40000000000000002	2.2641091158008524e-17
0.40100000000000002	2.2645119710340431e-17
0.40200000000000002	2.2649148262672342e-17
0.40300000000000002	2.265317681500425e-17
0.40400000000000003	2.2657205367336155e-17
0.40500000000000003	2.2661233919668066e-17
0.40600000000000003	2.2665262471999974e-17
0.40699999999999997	2.2669291024331881e-17
0.40799999999999997	2.2673319576663792e-17
0.40899999999999997	2.26773481289957e-17
0.40999999999999998	2.2681376681327605e-17
0.41099999999999998	2.2685405233659516e-17
0.41199999999999998	2.2689433785991423e-17
0.41299999999999998	2.2693462338323331e-17
0.41399999999999998	2.2697490890655242e-17
0.41499999999999998	2.270151944298715e-17
0.41599999999999998	2.2705547995319058e-17
0.41699999999999998	2.2709576547650965e-17
0.41799999999999998	2.2713605099982873e-17
0.41899999999999998	2.2717633652314784e-17
0.41999999999999998	2.2721662204646692e-17
0.42099999999999999	2.272840428039318e-17
0.42199999999999999	2.2735146356139675e-17
0.42299999999999999	2.2741888431886167e-17
0.42399999999999999	2.2748630507632661e-17
0.42499999999999999	2.2755372583379153e-17
0.42599999999999999	2.2762114659125644e-17
0.42699999999999999	2.2768856734872136e-17
0.42799999999999999	2.2775598810618631e-17
0.42899999999999999	2.2782340886365122e-17
0.42999999999999999	2.2789082962111611e-17
0.43099999999999999	2.2795825037858105e-17
0.432	2.2802567113604597e-17
0.433	2.2809309189351091e-17
0.434	2.2816051265097583e-17
0.435	2.2822793340844075e-17
0.436	2.2829535416590566e-17
0.437	2.2836277492337061e-17
0.438	2.2843019568083552e-17
0.439	2.2849761643830044e-17
0.44	2.2856503719576535e-17
0.441	2.2864101926984416e-17
0.442	2.2871700134392293e-17
0.443	2.2879298341800173e-17
0.44400000000000001	2.288689654920805e-17
0.44500000000000001	2.289449475661593e-17
0.44600000000000001	2.290209296402381e-17
0.44700000000000001	2.290969117143169e-17
0.44800000000000001	2.2917289378839567e-17
0.44900000000000001	2.2924887586247447e-17
0.45000000000000001	2.2932485793655324e-17
0.45100000000000001	2.2940084001063204e-17
0.45200000000000001	2.2947682208471082e-17
0.45300000000000001	2.2955280415878962e-17
0.45400000000000001	2.2962878623286839e-17
0.45500000000000002	2.2970476830694719e-17
0.45600000000000002	2.2978075038102596e-17
0.45700000000000002	2.2985673245510479e-17
0.45800000000000002	2.2993271452918356e-17
0.45900000000000002	2.3000869660326233e-17
0.46000000000000002	2.3008467867734113e-17
0.46100000000000002	2.3015930409435529e-17
0.46200000000000002	2.3023392951136947e-17
0.46300000000000002	2.3030855492838362e-17
0.46400000000000002	2.3038318034539778e-17
0.46500000000000002	2.3045780576241196e-17
0.46600000000000003	2.3053243117942611e-17
0.46700000000000003	2.3060705659644027e-17
0.46800000000000003	2.3068168201345445e-17
0.46899999999999997	2.3075630743046861e-17
0.46999999999999997	2.3083093284748276e-17
0.47099999999999997	2.3090555826449694e-17
0.47199999999999998	2.309801836815111e-17
0.47299999999999998	2.3105480909852525e-17
0.47399999999999998	2.3112943451553943e-17
0.47499999999999998	2.3120405993255359e-17
0.47599999999999998	2.3127868534956774e-17
0.47699999999999998	2.3135331076658192e-17
0.47799999999999998	2.3142793618359608e-17
0.47899999999999998	2.3150256160061026e-17
0.47999999999999998	2.3157718701762442e-17
0.48099999999999998	2.3165049266840421e-17
0.48199999999999998	2.3172379831918398e-17
0.48299999999999998	2.3179710396996378e-17
0.48399999999999999	2.3187040962074361e-17
0.48499999999999999	2.3194371527152341e-17
0.48599999999999999	2.3201702092230321e-17
0.48699999999999999	2.3209032657308304e-17
0.48799999999999999	2.3216363222386281e-17
0.48899999999999999	2.322369378746426e-17
0.48999999999999999	2.3231024352542243e-17
0.49099999999999999	2.3238354917620223e-17
0.49199999999999999	2.3245685482698203e-17
0.49299999999999999	2.3253016047776183e-17
0.49399999999999999	2.3260346612854163e-17
0.495	2.3267677177932143e-17
0.496	2.3275007743010126e-17
0.497	2.3282338308088106e-17
0.498	2.3289668873166082e-17
0.499	2.3296999438244065e-17
0.5	2.3304330003322045e-17
0.501	2.3311758995723927e-17
0.502	2.3319187988125802e-17
0.503	2.3326616980527683e-17
0.504	2.3334045972929565e-17
0.505	2.3341474965331443e-17
0.50600000000000001	2.3348903957733321e-17
0.50700000000000001	2.3356332950135203e-17
0.50800000000000001	2.3363761942537084e-17
0.50900000000000001	2.3371190934938959e-17
0.51000000000000001	2.3378619927340841e-17
0.51100000000000001	2.3386048919742722e-17
0.51200000000000001	2.3393477912144601e-17
0.51300000000000001	2.3400906904546479e-17
0.51400000000000001	2.340833589694836e-17
0.51500000000000001	2.3415764889350239e-17
0.51600000000000001	2.3423193881752117e-17
0.51700000000000002	2.3430622874153998e-17
0.51800000000000002	2.343805186655588e-17
0.51900000000000002	2.3445480858957758e-17
0.52000000000000002	2.3452909851359637e-17
0.52100000000000002	2.3460974361259485e-17
0.52200000000000002	2.346903887115934e-17
0.52300000000000002	2.3477103381059189e-17
0.52400000000000002	2.3485167890959041e-17
0.52500000000000002	2.349323240085889e-17
0.52600000000000002	2.3501296910758739e-17
0.52700000000000002	2.3509361420658591e-17
0.52800000000000002	2.3517425930558439e-17
0.52900000000000003	2.3525490440458294e-17
0.53000000000000003	2.3533554950358143e-17
0.53100000000000003	2.3541619460257992e-17
0.53200000000000003	2.3549683970157844e-17
0.53300000000000003	2.3557748480057693e-17
0.53400000000000003	2.3565812989957545e-17
0.53500000000000003	2.3573877499857396e-17
0.53600000000000003	2.3581942009757245e-17
0.53700000000000003	2.3590006519657097e-17
0.53800000000000003	2.3598071029556946e-17
0.53900000000000003	2.3606135539456798e-17
0.54000000000000004	2.3614200049356647e-17
0.54100000000000004	2.3622930166079501e-17
0.54200000000000004	2.3631660282802353e-17
0.54300000000000004	2.3640390399525204e-17
0.54400000000000004	2.3649120516248059e-17
0.54500000000000004	2.365785063297091e-17
0.54600000000000004	2.3666580749693762e-17
0.54700000000000004	2.3675310866416616e-17
0.54800000000000004	2.3684040983139468e-17
0.54900000000000004	2.3692771099862322e-17
0.55000000000000004	2.3701501216585174e-17
0.55100000000000005	2.3710231333308025e-17
0.55200000000000005	2.371896145003088e-17
0.55300000000000005	2.3727691566753731e-17
0.55400000000000005	2.3736421683476583e-17
0.55500000000000005	2.3745151800199437e-17
0.55600000000000005	2.3753881916922289e-17
0.55700000000000005	2.376261203364514e-17
0.55800000000000005	2.3771342150367995e-17
0.55900000000000005	2.3780072267090846e-17
0.56000000000000005	2.3788802383813697e-17
0.56100000000000005	2.3797635133281511e-17
0.56200000000000006	2.3806467882749327e-17
0.56299999999999994	2.381530063221714e-17
0.56399999999999995	2.3824133381684954e-17
0.56499999999999995	2.3832966131152767e-17
0.56599999999999995	2.384179888062058e-17
0.56699999999999995	2.3850631630088396e-17
0.56799999999999995	2.385946437955621e-17
0.56899999999999995	2.3868297129024026e-17
0.56999999999999995	2.3877129878491836e-17
0.57099999999999995	2.3885962627959653e-17
0.57199999999999995	2.3894795377427466e-17
0.57299999999999995	2.3903628126895282e-17
0.57399999999999995	2.3912460876363096e-17
0.57499999999999996	2.3921293625830906e-17
0.57599999999999996	2.3930126375298722e-17
0.57699999999999996	2.3938959124766535e-17
0.57799999999999996	2.3947791874234352e-17
0.57899999999999996	2.3956624623702165e-17
0.57999999999999996	2.3965457373169978e-17
0.58099999999999996	2.397406169744703e-17
0.58199999999999996	2.3982666021724082e-17
0.58299999999999996	2.3991270346001131e-17
0.58399999999999996	2.3999874670278183e-17
0.58499999999999996	2.4008478994555235e-17
0.58599999999999997	2.4017083318832281e-17
0.58699999999999997	2.4025687643109333e-17
0.58799999999999997	2.4034291967386385e-17
0.58899999999999997	2.4042896291663434e-17
0.58999999999999997	2.4051500615940486e-17
0.59099999999999997	2.4060104940217535e-17
0.59199999999999997	2.4068709264494587e-17
0.59299999999999997	2.4077313588771639e-17
0.59399999999999997	2.4085917913048688e-17
0.59499999999999997	2.409452223732574e-17
0.59599999999999997	2.4103126561602792e-17
0.59699999999999998	2.411173088587984e-17
0.59799999999999998	2.4120335210156892e-17
0.59899999999999998	2.4128939534433944e-17
0.59999999999999998	2.4137543858710993e-17
0.60099999999999998	2.4145931888749073e-17
0.60199999999999998	2.4154319918787149e-17
0.60299999999999998	2.4162707948825232e-17
0.60399999999999998	2.4171095978863311e-17
0.60499999999999998	2.4179484008901388e-17
0.60599999999999998	2.4187872038939467e-17
0.60699999999999998	2.4196260068977544e-17
0.60799999999999998	2.4204648099015626e-17
0.60899999999999999	2.4213036129053706e-17
0.60999999999999999	2.4221424159091782e-17
0.61099999999999999	2.4229812189129862e-17
0.61199999999999999	2.4238200219167938e-17
0.61299999999999999	2.4246588249206021e-17
0.61399999999999999	2.42549762792441e-17
0.61499999999999999	2.4263364309282177e-17
0.61599999999999999	2.4271752339320256e-17
0.61699999999999999	2.4280140369358336e-17
0.61799999999999999	2.4288528399396415e-17
0.61899999999999999	2.4296916429434495e-17
0.62	2.4305304459472571e-17
0.621	2.4313536053853544e-17
0.622	2.4321767648234513e-17
0.623	2.4329999242615482e-17
0.624	2.4338230836996452e-17
0.625	2.4346462431377421e-17
0.626	2.435469402575839e-17
0.627	2.4362925620139363e-17
0.628	2.4371157214520332e-17
0.629	2.4379388808901304e-17
0.63	2.4387620403282271e-17
0.63100000000000001	2.439585199766324e-17
0.63200000000000001	2.4404083592044212e-17
0.63300000000000001	2.4412315186425182e-17
0.63400000000000001	2.4420546780806151e-17
0.63500000000000001	2.4428778375187123e-17
0.63600000000000001	2.4437009969568093e-17
0.63700000000000001	2.4445241563949059e-17
0.63800000000000001	2.4453473158330031e-17
0.63900000000000001	2.4461704752711001e-17
0.64000000000000001	2.446993634709197e-17
0.64100000000000001	2.4478020106890537e-17
0.64200000000000002	2.44861038666891e-17
0.64300000000000002	2.4494187626487664e-17
0.64400000000000002	2.4502271386286225e-17
0.64500000000000002	2.4510355146084788e-17
0.64600000000000002	2.4518438905883352e-17
0.64700000000000002	2.4526522665681915e-17
0.64800000000000002	2.4534606425480479e-17
0.64900000000000002	2.4542690185279043e-17
0.65000000000000002	2.4550773945077603e-17
0.65100000000000002	2.455885770487617e-17
0.65200000000000002	2.4566941464674734e-17
0.65300000000000002	2.4575025224473297e-17
0.65400000000000003	2.4583108984271861e-17
0.65500000000000003	2.4591192744070424e-17
0.65600000000000003	2.4599276503868988e-17
0.65700000000000003	2.4607360263667549e-17
0.65800000000000003	2.4615444023466112e-17
0.65900000000000003	2.4623527783264676e-17
0.66000000000000003	2.4631611543063242e-17
0.66100000000000003	2.4639554604294441e-17
0.66200000000000003	2.4647497665525647e-17
0.66300000000000003	2.4655440726756845e-17
0.66400000000000003	2.4663383787988051e-17
0.66500000000000004	2.4671326849219249e-17
0.66600000000000004	2.4679269910450451e-17
0.66700000000000004	2.4687212971681653e-17
0.66800000000000004	2.4695156032912856e-17
0.66900000000000004	2.4703099094144058e-17
0.67000000000000004	2.471104215537526e-17
0.67100000000000004	2.4718985216606458e-17
0.67200000000000004	2.4726928277837664e-17
0.67300000000000004	2.4734871339068863e-17
0.67400000000000004	2.4742814400300068e-17
0.67500000000000004	2.4750757461531267e-17
0.67600000000000005	2.4758700522762469e-17
0.67700000000000005	2.4766643583993674e-17
0.67800000000000005	2.4774586645224873e-17
0.67900000000000005	2.4782529706456078e-17
0.68000000000000005	2.4790472767687277e-17
0.68100000000000005	2.4798282517180748e-17
0.68200000000000005	2.480609226667422e-17
0.68300000000000005	2.4813902016167691e-17
0.68400000000000005	2.4821711765661166e-17
0.68500000000000005	2.4829521515154634e-17
0.68600000000000005	2.4837331264648106e-17
0.68700000000000006	2.484514101414158e-17
0.68799999999999994	2.4852950763635049e-17
0.68899999999999995	2.486076051312852e-17
0.68999999999999995	2.4868570262621995e-17
0.69099999999999995	2.4876380012115463e-17
0.69199999999999995	2.4884189761608938e-17
0.69299999999999995	2.4891999511102409e-17
0.69399999999999995	2.4899809260595881e-17
0.69499999999999995	2.4907619010089352e-17
0.69599999999999995	2.4915428759582824e-17
0.69699999999999995	2.4923238509076295e-17
0.69799999999999995	2.4931048258569767e-17
0.69899999999999995	2.4938858008063241e-17
0.69999999999999996	2.494666775755671e-17
0.70099999999999996	2.4954351257523631e-17
0.70199999999999996	2.4962034757490553e-17
0.70299999999999996	2.4969718257457475e-17
0.70399999999999996	2.4977401757424396e-17
0.70499999999999996	2.4985085257391318e-17
0.70599999999999996	2.499276875735824e-17
0.70699999999999996	2.5000452257325161e-17
0.70799999999999996	2.5008135757292083e-17
0.70899999999999996	2.5015819257259005e-17
0.70999999999999996	2.5023502757225927e-17
0.71099999999999997	2.5031186257192848e-17
0.71199999999999997	2.503886975715977e-17
0.71299999999999997	2.5046553257126692e-17
0.71399999999999997	2.505423675709361e-17
0.71499999999999997	2.5061920257060532e-17
0.71599999999999997	2.5069603757027454e-17
0.71699999999999997	2.5077287256994375e-17
0.71799999999999997	2.5084970756961297e-17
0.71899999999999997	2.5092654256928219e-17
0.71999999999999997	2.5100337756895141e-17
0.72099999999999997	2.5107901728623831e-17
0.72199999999999998	2.5115465700352519e-17
0.72299999999999998	2.512302967208121e-17
0.72399999999999998	2.5130593643809901e-17
0.72499999999999998	2.5138157615538592e-17
0.72599999999999998	2.514572158726728e-17
0.72699999999999998	2.5153285558995971e-17
0.72799999999999998	2.5160849530724658e-17
0.72899999999999998	2.5168413502453352e-17
0.72999999999999998	2.5175977474182043e-17
0.73099999999999998	2.5183541445910731e-17
0.73199999999999998	2.5191105417639422e-17
0.73299999999999998	2.519866938936811e-17
0.73399999999999999	2.5206233361096804e-17
0.73499999999999999	2.5213797332825492e-17
0.73599999999999999	2.5221361304554183e-17
0.73699999999999999	2.522892527628287e-17
0.73799999999999999	2.5236489248011561e-17
0.73899999999999999	2.5244053219740252e-17
0.73999999999999999	2.5251617191468943e-17
0.74099999999999999	2.5259068413799923e-17
0.74199999999999999	2.5266519636130903e-17
0.74299999999999999	2.5273970858461883e-17
0.74399999999999999	2.5281422080792863e-17
0.745	2.5288873303123846e-17
0.746	2.5296324525454826e-17
0.747	2.5303775747785809e-17
0.748	2.5311226970116789e-17
0.749	2.5318678192447769e-17
0.75	2.5326129414778749e-17
0.751	2.5333580637109729e-17
0.752	2.5341031859440712e-17
0.753	2.5348483081771692e-17
0.754	2.5355934304102672e-17
0.755	2.5363385526433655e-17
0.75600000000000001	2.5370836748764635e-17
0.75700000000000001	2.5378287971095615e-17
0.75800000000000001	2.5385739193426595e-17
0.75900000000000001	2.5393190415757575e-17
0.76000000000000001	2.5400641638088558e-17
0.76100000000000001	2.5407986075669646e-17
0.76200000000000001	2.5415330513250733e-17
0.76300000000000001	2.5422674950831817e-17
0.76400000000000001	2.5430019388412904e-17
0.76500000000000001	2.5437363825993994e-17
0.76600000000000001	2.5444708263575078e-17
0.76700000000000002	2.5452052701156165e-17
0.76800000000000002	2.5459397138737253e-17
0.76900000000000002	2.5466741576318343e-17
0.77000000000000002	2.5474086013899427e-17
0.77100000000000002	2.5481430451480511e-17
0.77200000000000002	2.5488774889061601e-17
0.77300000000000002	2.5496119326642688e-17
0.77400000000000002	2.5503463764223776e-17
0.77500000000000002	2.551080820180486e-17
0.77600000000000002	2.5518152639385947e-17
0.77700000000000002	2.5525497076967037e-17
0.77800000000000002	2.5532841514548121e-17
0.77900000000000003	2.5540185952129208e-17
0.78000000000000003	2.5547530389710296e-17
0.78100000000000003	2.555476260830867e-17
0.78200000000000003	2.5561994826907038e-17
0.78300000000000003	2.5569227045505412e-17
0.78400000000000003	2.557645926410378e-17
0.78500000000000003	2.5583691482702155e-17
0.78600000000000003	2.5590923701300523e-17
0.78700000000000003	2.5598155919898897e-17
0.78800000000000003	2.5605388138497265e-17
0.78900000000000003	2.561262035709564e-17
0.79000000000000004	2.5619852575694008e-17
0.79100000000000004	2.5627084794292382e-17
0.79200000000000004	2.5634317012890756e-17
0.79300000000000004	2.5641549231489124e-17
0.79400000000000004	2.5648781450087499e-17
0.79500000000000004	2.5656013668685867e-17
0.79600000000000004	2.5663245887284241e-17
0.79700000000000004	2.5670478105882609e-17
0.79800000000000004	2.5677710324480983e-17
0.79900000000000004	2.5684942543079352e-17
0.80000000000000004	2.5692174761677726e-17
0.80100000000000005	2.5699260350887051e-17
0.80200000000000005	2.5706345940096377e-17
0.80300000000000005	2.5713431529305702e-17
0.80400000000000005	2.5720517118515027e-17
0.80500000000000005	2.5727602707724355e-17
0.80600000000000005	2.5734688296933681e-17
0.80700000000000005	2.5741773886143009e-17
0.80800000000000005	2.5748859475352334e-17
0.80900000000000005	2.575594506456166e-17
0.81000000000000005	2.5763030653770985e-17
0.81100000000000005	2.577011624298031e-17
0.81200000000000006	2.5777201832189636e-17
0.81299999999999994	2.5784287421398961e-17
0.81399999999999995	2.5791373010608286e-17
0.81499999999999995	2.5798458599817612e-17
0.81599999999999995	2.5805544189026943e-17
0.81699999999999995	2.5812629778236268e-17
0.81799999999999995	2.5819715367445594e-17
0.81899999999999995	2.5826800956654919e-17
0.81999999999999995	2.5833886545864244e-17
0.82099999999999995	2.5840889980039469e-17
0.82199999999999995	2.5847893414214691e-17
0.82299999999999995	2.5854896848389916e-17
0.82399999999999995	2.5861900282565138e-17
0.82499999999999996	2.5868903716740363e-17
0.82599999999999996	2.5875907150915588e-17
0.82699999999999996	2.588291058509081e-17
0.82799999999999996	2.5889914019266035e-17
0.82899999999999996	2.5896917453441256e-17
0.82999999999999996	2.5903920887616481e-17
0.83099999999999996	2.5910924321791703e-17
0.83199999999999996	2.5917927755966928e-17
0.83299999999999996	2.5924931190142156e-17
0.83399999999999996	2.5931934624317378e-17
0.83499999999999996	2.5938938058492603e-17
0.83599999999999997	2.5945941492667825e-17
0.83699999999999997	2.595294492684305e-17
0.83799999999999997	2.5959948361018275e-17
0.83899999999999997	2.5966951795193497e-17
0.83999999999999997	2.5973955229368722e-17
0.84099999999999997	2.5981051533526776e-17
0.84199999999999997	2.5988147837684827e-17
0.84299999999999997	2.5995244141842884e-17
0.84399999999999997	2.6002340446000938e-17
0.84499999999999997	2.6009436750158992e-17
0.84599999999999997	2.6016533054317049e-17
0.84699999999999998	2.6023629358475101e-17
0.84799999999999998	2.6030725662633158e-17
0.84899999999999998	2.6037821966791212e-17
0.84999999999999998	2.6044918270949266e-17
0.85099999999999998	2.605201457510732e-17
0.85199999999999998	2.6059110879265374e-17
0.85299999999999998	2.6066207183423428e-17
0.85399999999999998	2.6073303487581485e-17
0.85499999999999998	2.608039979173954e-17
0.85599999999999998	2.6087496095897591e-17
0.85699999999999998	2.6094592400055648e-17
0.85799999999999998	2.6101688704213702e-17
0.85899999999999999	2.6108785008371756e-17
0.85999999999999999	2.6115881312529813e-17
0.86099999999999999	2.6123241543897796e-17
0.86199999999999999	2.6130601775265784e-17
0.86299999999999999	2.6137962006633769e-17
0.86399999999999999	2.6145322238001758e-17
0.86499999999999999	2.6152682469369743e-17
0.86599999999999999	2.6160042700737729e-17
0.86699999999999999	2.6167402932105717e-17
0.86799999999999999	2.6174763163473699e-17
0.86899999999999999	2.6182123394841688e-17
0.87	2.6189483626209676e-17
0.871	2.6196843857577662e-17
0.872	2.6204204088945647e-17
0.873	2.6211564320313632e-17
0.874	2.6218924551681621e-17
0.875	2.6226284783049606e-17
0.876	2.6233645014417592e-17
0.877	2.624100524578558e-17
0.878	2.6248365477153569e-17
0.879	2.6255725708521551e-17
0.88	2.6263085939889539e-17
0.88100000000000001	2.6270734284327197e-17
0.88200000000000001	2.6278382628764854e-17
0.88300000000000001	2.6286030973202511e-17
0.88400000000000001	2.6293679317640168e-17
0.88500000000000001	2.6301327662077829e-17
0.88600000000000001	2.6308976006515486e-17
0.88700000000000001	2.6316624350953143e-17
0.88800000000000001	2.63242726953908e-17
0.88900000000000001	2.6331921039828461e-17
0.89000000000000001	2.6339569384266118e-17
0.89100000000000001	2.6347217728703772e-17
0.89200000000000002	2.6354866073141432e-17
0.89300000000000002	2.636251441757909e-17
0.89400000000000002	2.6370162762016747e-17
0.89500000000000002	2.6377811106454404e-17
0.89600000000000002	2.6385459450892064e-17
0.89700000000000002	2.6393107795329722e-17
0.89800000000000002	2.6400756139767379e-17
0.89900000000000002	2.6408404484205036e-17
0.90000000000000002	2.6416052828642693e-17
0.90100000000000002	2.6423824668966919e-17
0.90200000000000002	2.6431596509291142e-17
0.90300000000000002	2.6439368349615365e-17
0.90400000000000003	2.644714018993959e-17
0.90500000000000003	2.6454912030263813e-17
0.90600000000000003	2.6462683870588039e-17
0.90700000000000003	2.6470455710912265e-17
0.90800000000000003	2.6478227551236488e-17
0.90900000000000003	2.648599939156071e-17
0.91000000000000003	2.6493771231884936e-17
0.91100000000000003	2.6501543072209159e-17
0.91200000000000003	2.6509314912533382e-17
0.91300000000000003	2.6517086752857607e-17
0.91400000000000003	2.652485859318183e-17
0.91500000000000004	2.6532630433506056e-17
0.91600000000000004	2.6540402273830279e-17
0.91700000000000004	2.6548174114154501e-17
0.91800000000000004	2.655594595447873e-17
0.91900000000000004	2.6563717794802953e-17
0.92000000000000004	2.6571489635127176e-17
0.92100000000000004	2.6579414868855196e-17
0.92200000000000004	2.6587340102583216e-17
0.92300000000000004	2.6595265336311235e-17
0.92400000000000004	2.6603190570039252e-17
0.92500000000000004	2.6611115803767272e-17
0.92600000000000005	2.6619041037495292e-17
0.92700000000000005	2.6626966271223312e-17
0.92800000000000005	2.6634891504951332e-17
0.92900000000000005	2.6642816738679352e-17
0.93000000000000005	2.6650741972407372e-17
0.93100000000000005	2.6658667206135392e-17
0.93200000000000005	2.6666592439863412e-17
0.93300000000000005	2.6674517673591428e-17
0.93400000000000005	2.6682442907319448e-17
0.93500000000000005	2.6690368141047468e-17
0.93600000000000005	2.6698293374775488e-17
0.93700000000000006	2.6706218608503508e-17
0.93799999999999994	2.6714143842231525e-17
0.93899999999999995	2.6722069075959545e-17
0.93999999999999995	2.6729994309687565e-17
0.94099999999999995	2.6738331581127868e-17
0.94199999999999995	2.6746668852568168e-17
0.94299999999999995	2.6755006124008475e-17
0.94399999999999995	2.6763343395448775e-17
0.94499999999999995	2.6771680666889079e-17
0.94599999999999995	2.6780017938329379e-17
0.94699999999999995	2.6788355209769686e-17
0.94799999999999995	2.6796692481209986e-17
0.94899999999999995	2.680502975265029e-17
0.94999999999999996	2.681336702409059e-17
0.95099999999999996	2.6821704295530897e-17
0.95199999999999996	2.6830041566971197e-17
0.95299999999999996	2.6838378838411501e-17
0.95399999999999996	2.6846716109851801e-17
0.95499999999999996	2.6855053381292108e-17
0.95599999999999996	2.6863390652732408e-17
0.95699999999999996	2.6871727924172712e-17
0.95799999999999996	2.6880065195613012e-17
0.95899999999999996	2.6888402467053316e-17
0.95999999999999996	2.6896739738493619e-17
0.96099999999999997	2.6905986587124895e-17
0.96199999999999997	2.6915233435756168e-17
0.96299999999999997	2.6924480284387446e-17
0.96399999999999997	2.6933727133018722e-17
0.96499999999999997	2.6942973981649998e-17
0.96599999999999997	2.6952220830281273e-17
0.96699999999999997	2.6961467678912549e-17
0.96799999999999997	2.6970714527543825e-17
0.96899999999999997	2.6979961376175101e-17
0.96999999999999997	2.6989208224806376e-17
0.97099999999999997	2.6998455073437652e-17
0.97199999999999998	2.7007701922068925e-17
0.97299999999999998	2.70169487707002e-17
0.97399999999999998	2.7026195619331476e-17
0.97499999999999998	2.7035442467962752e-17
0.97599999999999998	2.7044689316594028e-17
0.97699999999999998	2.7053936165225303e-17
0.97799999999999998	2.7063183013856579e-17
0.97899999999999998	2.7072429862487855e-17
0.97999999999999998	2.7081676711119131e-17
0.98099999999999998	2.7091996703842366e-17
0.98199999999999998	2.7102316696565605e-17
0.98299999999999998	2.7112636689288841e-17
0.98399999999999999	2.712295668201208e-17
0.98499999999999999	2.7133276674735319e-17
0.98599999999999999	2.7143596667458555e-17
0.98699999999999999	2.7153916660181794e-17
0.98799999999999999	2.7164236652905033e-17
0.98899999999999999	2.7174556645628269e-17
0.98999999999999999	2.7184876638351508e-17
0.99099999999999999	2.7195196631074744e-17
0.99199999999999999	2.7205516623797983e-17
0.99299999999999999	2.7215836616521222e-17
0.99399999999999999	2.7226156609244458e-17
0.995	2.7236476601967697e-17
0.996	2.7246796594690936e-17
0.997	2.7257116587414171e-17
0.998	2.726743658013741e-17
0.999	2.7277756572860643e-17
1	2.7288076565583882e-17
1.1000000000000001	2.857549197231783e-17
1.2	3.018713196594242e-17
1.3	3.2122166525438603e-17
1.3999999999999999	3.4540124767069859e-17
1.5	3.733225858462007e-17
1.6000000000000001	4.0414425160375642e-17
1.7	4.3771496317502485e-17
1.8	4.7521538412197595e-17
1.8999999999999999	5.1767575396887292e-17
2	5.6159649409097624e-17
2.1000000000000001	6.0771905592949594e-17
2.2000000000000002	6.5844493376550097e-17
2.2999999999999998	7.1699919984609313e-17
2.3999999999999999	7.8694079145172409e-17
2.5	8.7114738995987683e-17
2.6000000000000001	9.716363903349501e-17
2.7000000000000002	1.089967921532007e-16
2.7999999999999998	1.228574717988073e-16
2.8999999999999999	1.3920677562342414e-16
3	1.5871246287456289e-16
3.1000000000000001	1.8216494242617256e-16
3.2000000000000002	2.1024590459822751e-16
3.2999999999999998	2.4328069767770202e-16
3.3999999999999999	2.8810293190315667e-16
3.5	3.4023302042661268e-16
3.6000000000000001	3.9691081529727082e-16
3.7000000000000002	4.5518453551987117e-16
3.7999999999999998	5.1442387568424955e-16
3.8999999999999999	5.7172772401254636e-16
4	6.2610388409268152e-16
4.0999999999999996	6.7576318900211943e-16
4.2000000000000002	7.1998894269152338e-16
4.2999999999999998	7.5919537473395028e-16
4.4000000000000004	7.9377247030510884e-16
4.5	8.2080151629858907e-16
4.5999999999999996	8.4354232727621581e-16
4.7000000000000002	8.6090647233791725e-16
4.7999999999999998	8.7577521760208509e-16
4.9000000000000004	8.8790717311103636e-16
5	8.9738596187260148e-16
5.0999999999999996	9.0736542525813957e-16
5.2000000000000002	9.157175929571203e-16
5.2999999999999998	9.2409456592534583e-16
5.4000000000000004	9.3063399646265419e-16
5.5	9.3713286768546374e-16
5.5999999999999996	9.4246557950715335e-16
5.7000000000000002	9.4832043404820255e-16
5.7999999999999998	9.529183629053059e-16
5.9000000000000004	9.5724784291892648e-16
6	9.6129701614756819e-16
6.0999999999999996	9.6360550355472233e-16
6.2000000000000002	9.6653977057487663e-16
6.2999999999999998	9.6900983481639871e-16
6.4000000000000004	9.7215716981839527e-16
6.5	9.7444647161264442e-16
6.5999999999999996	9.7725878610990861e-16
6.7000000000000002	9.810841600940263e-16
6.7999999999999998	9.8474979133113229e-16
6.9000000000000004	9.8984629742600463e-16
7	9.957869355740254e-16
7.0999999999999996	1.0027413340051128e-15
7.2000000000000002	1.0118509466815179e-15
7.2999999999999998	1.0177668135143775e-15
7.4000000000000004	1.0267161846731307e-15
7.5	1.0387272727215505e-15
7.5999999999999996	1.0504502761716256e-15
7.7000000000000002	1.0619801324404829e-15
7.7999999999999998	1.0733705728583616e-15
7.9000000000000004	1.084684188723567e-15
8	1.0959754435792557e-15
8.0999999999999996	1.1072918442765571e-15
8.1999999999999993	1.118677442288542e-15
8.3000000000000007	1.1301654115385985e-15
8.4000000000000004	1.1417821915624652e-15
8.5	1.1535480484805984e-15
8.5999999999999996	1.1654826644042352e-15
8.6999999999999993	1.1776053896748241e-15
8.8000000000000007	1.18197213337007e-15
8.9000000000000004	1.193658562478855e-15
9	1.206535332184875e-15
9.0999999999999996	1.2197071189517091e-15
9.1999999999999993	1.2332077587178926e-15
9.3000000000000007	1.2409755529520016e-15
9.4000000000000004	1.2525652054612965e-15
9.5	1.2624793083589233e-15
9.5999999999999996	1.273571592528699e-15
9.6999999999999993	1.2859928081735153e-15
9.8000000000000007	1.2941401603492726e-15
9.9000000000000004	1.3027817286456153e-15
10	1.3119077602985192e-15
10.5	1.3534751110300709e-15
11	1.389070690189283e-15
11.5	1.4144493229255874e-15
12	1.4425491241217551e-15
12.5	1.4660349970269471e-15
13	1.4836408514958075e-15
13.5	1.4913902924854675e-15
14	1.494621516968571e-15
14.5	1.4914242909915235e-15
15	1.4800109961367882e-15
15.5	1.466566811625303e-15
16	1.4382856870507709e-15
16.5	1.4065863977408376e-15
17	1.3724119311506209e-15
17.5	1.3305828398462959e-15
18	1.280356830716278e-15
18.5	1.2347614008745792e-15
19	1.1824709772379961e-15
19.5	1.1366489644649936e-15
20	1.0950397426329363e-15
20.5	1.0617238731688514e-15
21	1.0273578543531147e-15
21.5	1.0014441268933358e-15
22	9.7762759668678431e-16
22.5	9.6387445646191684e-16
23	9.5071909374811774e-16
23.5	9.3977114621499812e-16
24	9.3166076981158796e-16
24.5	9.2458947578594172e-16
25	9.1931433462426432e-16
25.5	9.1471255161789116e-16
26	9.106787550540329e-16
26.5	9.0680071146442968e-16
27	9.0321471511660279e-16
27.5	8.9988750598372885e-16
28	8.9684517316786862e-16
28.5	8.9364905943671072e-16
29	8.8979112448242126e-16
29.5	8.856384869939769e-16
30	8.8165616740889565e-16
30.5	8.7721857080180349e-16
31	8.7207515392936355e-16
31.5	8.6769096450857094e-16
32	8.6203108425482663e-16
32.5	8.5673987332926095e-16
33	8.5090552313464646e-16
33.5	8.4440273152364084e-16
34	8.3835212029242001e-16
34.5	8.316301334351479e-16
35	8.2540963675852351e-16
35.5	8.1803176420204164e-16
36	8.116052932251557e-16
36.5	8.0475195285836507e-16
37	7.9789663418697828e-16
37.5	7.9166912919218401e-16
38	7.8552073125701471e-16
38.5	7.7845424859144249e-16
39	7.7246655984295893e-16
39.5	7.6655250592431961e-16
40	7.6071038172454561e-16
40.5	7.5493875037668397e-16
41	7.4868630971625829e-16
41.5	7.4261294550977435e-16
42	7.3704589978565413e-16
42.5	7.315435391496328e-16
43	7.2610453676277544e-16
43.5	7.2072747167233733e-16
44	7.1541106151467144e-16
44.5	7.1080896468104529e-16
45	7.0592956387365128e-16
45.5	7.0078553690850944e-16
46	6.9569713048892462e-16
46.5	6.9066313677835645e-16
47	6.8608667270678646e-16
47.5	6.8171858704306861e-16
48	6.7683902218148986e-16
48.5	6.720093669471122e-16
49	6.6726588600555838e-16
49.5	6.6337985500977593e-16
50	6.5877304496663818e-16
