//1	2	1	1	0	0	0	0
//Energy[eV]	XS[cm2]
0	5.470560000000007e-17
0.001	5.4659128053876042e-17
0.002	5.0464595586590686e-17
0.0030000000000000001	4.6245882416372123e-17
0.0040000000000000001	4.3033116359413047e-17
0.0050000000000000001	3.9910658066322088e-17
0.0060000000000000001	3.6137118749852078e-17
0.0070000000000000001	3.2591855109233331e-17
0.0080000000000000002	3.0140755888559841e-17
0.0089999999999999993	2.7455894447659445e-17
0.01	2.4222072607003415e-17
0.010999999999999999	2.3373919805012691e-17
0.012	2.3353870304123458e-17
0.012999999999999999	2.3333820813980792e-17
0.014	2.331377133458471e-17
0.014999999999999999	2.3293721865935196e-17
0.016	2.3273672408032265e-17
0.017000000000000001	2.3253622960875901e-17
0.017999999999999999	2.3233573524466123e-17
0.019	2.321352409880291e-17
0.02	2.3193474683886278e-17
0.021000000000000001	2.3184870738224466e-17
0.021999999999999999	2.3176266797172516e-17
0.023	2.3167662860730408e-17
0.024	2.315905892889816e-17
0.025000000000000001	2.3150455001675758e-17
0.025999999999999999	2.3141851079063217e-17
0.027	2.3133247161060523e-17
0.028000000000000001	2.3124643247667682e-17
0.029000000000000001	2.3116039338884695e-17
0.029999999999999999	2.3107435434711558e-17
0.031	2.3098831535148275e-17
0.032000000000000001	2.309022764019484e-17
0.033000000000000002	2.3081623749851267e-17
0.034000000000000002	2.3073019864117535e-17
0.035000000000000003	2.3064415982993663e-17
0.035999999999999997	2.3055812106479641e-17
0.036999999999999998	2.3047208234575473e-17
0.037999999999999999	2.3038604367281152e-17
0.039	2.3030000504596691e-17
0.040000000000000001	2.3021396646522078e-17
0.041000000000000002	2.3015429671477134e-17
0.042000000000000003	2.3009462699628221e-17
0.042999999999999997	2.3003495730975331e-17
0.043999999999999997	2.2997528765518468e-17
0.044999999999999998	2.2991561803257631e-17
0.045999999999999999	2.2985594844192825e-17
0.047	2.2979627888324039e-17
0.048000000000000001	2.297366093565129e-17
0.049000000000000002	2.2967693986174561e-17
0.050000000000000003	2.2961727039893862e-17
0.050999999999999997	2.2955760096809186e-17
0.051999999999999998	2.2949793156920541e-17
0.052999999999999999	2.2943826220227922e-17
0.053999999999999999	2.293785928673133e-17
0.055	2.2931892356430768e-17
0.056000000000000001	2.2925925429326227e-17
0.057000000000000002	2.2919958505417719e-17
0.058000000000000003	2.2913991584705234e-17
0.058999999999999997	2.290802466718878e-17
0.059999999999999998	2.2902057752868349e-17
0.060999999999999999	2.2897172530839741e-17
0.062	2.2892287311427181e-17
0.063	2.2887402094630675e-17
0.064000000000000001	2.2882516880450217e-17
0.065000000000000002	2.2877631668885812e-17
0.066000000000000003	2.2872746459937452e-17
0.067000000000000004	2.2867861253605149e-17
0.068000000000000005	2.2862976049888893e-17
0.069000000000000006	2.2858090848788689e-17
0.070000000000000007	2.2853205650304538e-17
0.070999999999999994	2.2848320454436431e-17
0.071999999999999995	2.2843435261184382e-17
0.072999999999999995	2.2838550070548377e-17
0.073999999999999996	2.2833664882528426e-17
0.074999999999999997	2.2828779697124523e-17
0.075999999999999998	2.2823894514336673e-17
0.076999999999999999	2.2819009334164871e-17
0.078	2.2814124156609123e-17
0.079000000000000001	2.2809238981669422e-17
0.080000000000000002	2.2804353809345776e-17
0.081000000000000003	2.2801052867463292e-17
0.082000000000000003	2.2797751927347432e-17
0.083000000000000004	2.2794450988998189e-17
0.084000000000000005	2.2791150052415563e-17
0.085000000000000006	2.2787849117599563e-17
0.085999999999999993	2.2784548184550177e-17
0.086999999999999994	2.2781247253267418e-17
0.087999999999999995	2.2777946323751269e-17
0.088999999999999996	2.277464539600175e-17
0.089999999999999997	2.2771344470018841e-17
0.090999999999999998	2.2768043545802562e-17
0.091999999999999998	2.2764742623352894e-17
0.092999999999999999	2.2761441702669851e-17
0.094	2.2758140783753423e-17
0.095000000000000001	2.2754839866603621e-17
0.096000000000000002	2.2751538951220434e-17
0.097000000000000003	2.2748238037603872e-17
0.098000000000000004	2.2744937125753927e-17
0.099000000000000005	2.27416362156706e-17
0.10000000000000001	2.2738335307353895e-17
0.10100000000000001	2.2736181088030778e-17
0.10199999999999999	2.2734026869859447e-17
0.10299999999999999	2.2731872652839899e-17
0.104	2.2729718436972141e-17
0.105	2.2727564222256166e-17
0.106	2.2725410008691983e-17
0.107	2.272325579627958e-17
0.108	2.2721101585018966e-17
0.109	2.2718947374910136e-17
0.11	2.2716793165953098e-17
0.111	2.271463895814784e-17
0.112	2.2712484751494371e-17
0.113	2.2710330545992689e-17
0.114	2.270817634164279e-17
0.115	2.270602213844468e-17
0.11600000000000001	2.2703867936398356e-17
0.11700000000000001	2.2701713735503816e-17
0.11799999999999999	2.2699559535761064e-17
0.11899999999999999	2.2697405337170096e-17
0.12	2.2695251139730914e-17
0.121	2.2693972701835783e-17
0.122	2.2692694264622863e-17
0.123	2.2691415828092166e-17
0.124	2.2690137392243679e-17
0.125	2.2688858957077415e-17
0.126	2.2687580522593368e-17
0.127	2.2686302088791538e-17
0.128	2.2685023655671924e-17
0.129	2.2683745223234528e-17
0.13	2.2682466791479348e-17
0.13100000000000001	2.2681188360406384e-17
0.13200000000000001	2.2679909930015641e-17
0.13300000000000001	2.2678631500307115e-17
0.13400000000000001	2.2677353071280805e-17
0.13500000000000001	2.2676074642936712e-17
0.13600000000000001	2.2674796215274836e-17
0.13700000000000001	2.2673517788295179e-17
0.13800000000000001	2.267223936199774e-17
0.13900000000000001	2.2670960936382514e-17
0.14000000000000001	2.2669682511449511e-17
0.14099999999999999	2.266885063193818e-17
0.14199999999999999	2.2668018752869629e-17
0.14299999999999999	2.2667186874243872e-17
0.14399999999999999	2.2666354996060891e-17
0.14499999999999999	2.2665523118320701e-17
0.14599999999999999	2.2664691241023291e-17
0.14699999999999999	2.2663859364168674e-17
0.14799999999999999	2.2663027487756834e-17
0.14899999999999999	2.2662195611787788e-17
0.14999999999999999	2.2661363736261524e-17
0.151	2.2660531861178042e-17
0.152	2.2659699986537349e-17
0.153	2.265886811233944e-17
0.154	2.2658036238584314e-17
0.155	2.2657204365271976e-17
0.156	2.2656372492402426e-17
0.157	2.2655540619975655e-17
0.158	2.2654708747991676e-17
0.159	2.2653876876450475e-17
0.16	2.2653045005352066e-17
0.161	2.2652472768136155e-17
0.16200000000000001	2.2651900531223823e-17
0.16300000000000001	2.2651328294615057e-17
0.16400000000000001	2.2650756058309868e-17
0.16500000000000001	2.2650183822308244e-17
0.16600000000000001	2.26496115866102e-17
0.16700000000000001	2.2649039351215723e-17
0.16800000000000001	2.2648467116124821e-17
0.16900000000000001	2.2647894881337492e-17
0.17000000000000001	2.2647322646853733e-17
0.17100000000000001	2.264675041267355e-17
0.17199999999999999	2.2646178178796933e-17
0.17299999999999999	2.2645605945223892e-17
0.17399999999999999	2.2645033711954418e-17
0.17499999999999999	2.2644461478988523e-17
0.17599999999999999	2.2643889246326194e-17
0.17699999999999999	2.2643317013967445e-17
0.17799999999999999	2.2642744781912258e-17
0.17899999999999999	2.2642172550160651e-17
0.17999999999999999	2.2641600318712611e-17
0.18099999999999999	2.2641189276936702e-17
0.182	2.2640778235377931e-17
0.183	2.2640367194036309e-17
0.184	2.2639956152911833e-17
0.185	2.2639545112004491e-17
0.186	2.2639134071314299e-17
0.187	2.2638723030841243e-17
0.188	2.2638311990585337e-17
0.189	2.2637900950546572e-17
0.19	2.2637489910724955e-17
0.191	2.2637078871120476e-17
0.192	2.2636667831733143e-17
0.193	2.2636256792562946e-17
0.19400000000000001	2.2635845753609903e-17
0.19500000000000001	2.2635434714873996e-17
0.19600000000000001	2.2635023676355236e-17
0.19700000000000001	2.2634612638053619e-17
0.19800000000000001	2.2634201599969145e-17
0.19900000000000001	2.2633790562101817e-17
0.20000000000000001	2.2633379524451627e-17
0.20100000000000001	2.2633073824877123e-17
0.20200000000000001	2.2632768125463275e-17
0.20300000000000001	2.2632462426210097e-17
0.20399999999999999	2.2632156727117571e-17
0.20499999999999999	2.2631851028185715e-17
0.20599999999999999	2.2631545329414515e-17
0.20699999999999999	2.263123963080398e-17
0.20799999999999999	2.2630933932354103e-17
0.20899999999999999	2.263062823406489e-17
0.20999999999999999	2.2630322535936338e-17
0.21099999999999999	2.2630016837968451e-17
0.21199999999999999	2.2629711140161223e-17
0.21299999999999999	2.2629405442514655e-17
0.214	2.262909974502875e-17
0.215	2.2628794047703504e-17
0.216	2.2628488350538924e-17
0.217	2.2628182653535001e-17
0.218	2.2627876956691743e-17
0.219	2.2627571260009141e-17
0.22	2.2627265563487206e-17
0.221	2.2627031603938896e-17
0.222	2.2626797644512789e-17
0.223	2.2626563685208869e-17
0.224	2.2626329726027152e-17
0.22500000000000001	2.2626095766967628e-17
0.22600000000000001	2.2625861808030303e-17
0.22700000000000001	2.2625627849215175e-17
0.22800000000000001	2.2625393890522238e-17
0.22900000000000001	2.2625159931951502e-17
0.23000000000000001	2.262492597350296e-17
0.23100000000000001	2.2624692015176618e-17
0.23200000000000001	2.2624458056972466e-17
0.23300000000000001	2.2624224098890513e-17
0.23400000000000001	2.2623990140930754e-17
0.23499999999999999	2.2623756183093197e-17
0.23599999999999999	2.2623522225377833e-17
0.23699999999999999	2.2623288267784666e-17
0.23799999999999999	2.2623054310313692e-17
0.23899999999999999	2.2622820352964918e-17
0.23999999999999999	2.2622586395738337e-17
0.24099999999999999	2.2622402977061263e-17
0.24199999999999999	2.2622219558479287e-17
0.24299999999999999	2.2622036139992402e-17
0.24399999999999999	2.2621852721600622e-17
0.245	2.2621669303303936e-17
0.246	2.2621485885102348e-17
0.247	2.2621302466995854e-17
0.248	2.2621119048984462e-17
0.249	2.2620935631068164e-17
0.25	2.2620752213246967e-17
0.251	2.2620568795520862e-17
0.252	2.2620385377889857e-17
0.253	2.2620201960353948e-17
0.254	2.2620018542913142e-17
0.255	2.2619835125567434e-17
0.25600000000000001	2.2619651708316818e-17
0.25700000000000001	2.2619468291161302e-17
0.25800000000000001	2.2619284874100879e-17
0.25900000000000001	2.2619101457135559e-17
0.26000000000000001	2.2618918040265331e-17
0.26100000000000001	2.2618771252230206e-17
0.26200000000000001	2.2618624464270535e-17
0.26300000000000001	2.2618477676386323e-17
0.26400000000000001	2.2618330888577564e-17
0.26500000000000001	2.2618184100844265e-17
0.26600000000000001	2.261803731318642e-17
0.26700000000000002	2.2617890525604036e-17
0.26800000000000002	2.2617743738097107e-17
0.26900000000000002	2.2617596950665636e-17
0.27000000000000002	2.2617450163309625e-17
0.27100000000000002	2.2617303376029065e-17
0.27200000000000002	2.2617156588823967e-17
0.27300000000000002	2.2617009801694319e-17
0.27400000000000002	2.2616863014640137e-17
0.27500000000000002	2.2616716227661401e-17
0.27600000000000002	2.2616569440758129e-17
0.27700000000000002	2.261642265393031e-17
0.27800000000000002	2.2616275867177953e-17
0.27900000000000003	2.2616129080501047e-17
0.28000000000000003	2.2615982293899606e-17
0.28100000000000003	2.2615862702249392e-17
0.28199999999999997	2.2615743110660059e-17
0.28299999999999997	2.2615623519131592e-17
0.28399999999999997	2.2615503927664009e-17
0.28499999999999998	2.26153843362573e-17
0.28599999999999998	2.2615264744911464e-17
0.28699999999999998	2.2615145153626502e-17
0.28799999999999998	2.2615025562402411e-17
0.28899999999999998	2.2614905971239202e-17
0.28999999999999998	2.2614786380136861e-17
0.29099999999999998	2.2614666789095399e-17
0.29199999999999998	2.2614547198114811e-17
0.29299999999999998	2.2614427607195098e-17
0.29399999999999998	2.2614308016336259e-17
0.29499999999999998	2.2614188425538296e-17
0.29599999999999999	2.2614068834801204e-17
0.29699999999999999	2.2613949244124993e-17
0.29799999999999999	2.2613829653509657e-17
0.29899999999999999	2.2613710062955186e-17
0.29999999999999999	2.26135904724616e-17
0.30099999999999999	2.2613491495611149e-17
0.30199999999999999	2.2613392518810525e-17
0.30299999999999999	2.2613293542059717e-17
0.30399999999999999	2.2613194565358734e-17
0.30499999999999999	2.2613095588707569e-17
0.30599999999999999	2.2612996612106229e-17
0.307	2.261289763555471e-17
0.308	2.2612798659053016e-17
0.309	2.2612699682601134e-17
0.31	2.2612600706199085e-17
0.311	2.2612501729846849e-17
0.312	2.2612402753544438e-17
0.313	2.2612303777291851e-17
0.314	2.261220480108908e-17
0.315	2.2612105824936136e-17
0.316	2.2612006848833008e-17
0.317	2.2611907872779707e-17
0.318	2.2611808896776221e-17
0.31900000000000001	2.2611709920822563e-17
0.32000000000000001	2.2611610944918721e-17
0.32100000000000001	2.2611487791277918e-17
0.32200000000000001	2.2611364637699898e-17
0.32300000000000001	2.2611241484184669e-17
0.32400000000000001	2.2611118330732217e-17
0.32500000000000001	2.2610995177342562e-17
0.32600000000000001	2.2610872024015683e-17
0.32700000000000001	2.2610748870751598e-17
0.32800000000000001	2.2610625717550299e-17
0.32900000000000001	2.2610502564411782e-17
0.33000000000000002	2.261037941133605e-17
0.33100000000000002	2.2610256258323104e-17
0.33200000000000002	2.2610133105372949e-17
0.33300000000000002	2.2610009952485574e-17
0.33400000000000002	2.260988679966099e-17
0.33500000000000002	2.2609763646899188e-17
0.33600000000000002	2.2609640494200177e-17
0.33700000000000002	2.2609517341563943e-17
0.33800000000000002	2.2609394188990503e-17
0.33900000000000002	2.2609271036479846e-17
0.34000000000000002	2.2609147884031979e-17
0.34100000000000003	2.2608951662001805e-17
0.34200000000000003	2.2608755440073598e-17
0.34300000000000003	2.260855921824736e-17
0.34399999999999997	2.2608362996523082e-17
0.34499999999999997	2.2608166774900783e-17
0.34599999999999997	2.2607970553380441e-17
0.34699999999999998	2.2607774331962069e-17
0.34799999999999998	2.2607578110645663e-17
0.34899999999999998	2.2607381889431229e-17
0.34999999999999998	2.2607185668318756e-17
0.35099999999999998	2.2606989447308256e-17
0.35199999999999998	2.2606793226399719e-17
0.35299999999999998	2.2606597005593154e-17
0.35399999999999998	2.260640078488855e-17
0.35499999999999998	2.2606204564285918e-17
0.35599999999999998	2.2606008343785253e-17
0.35699999999999998	2.2605812123386551e-17
0.35799999999999998	2.2605615903089822e-17
0.35899999999999999	2.2605419682895056e-17
0.35999999999999999	2.260522346280226e-17
0.36099999999999999	2.2605455309219433e-17
0.36199999999999999	2.2605687155509039e-17
0.36299999999999999	2.2605919001671072e-17
0.36399999999999999	2.260615084770554e-17
0.36499999999999999	2.2606382693612431e-17
0.36599999999999999	2.2606614539391755e-17
0.36699999999999999	2.2606846385043505e-17
0.36799999999999999	2.2607078230567691e-17
0.36899999999999999	2.26073100759643e-17
0.37	2.2607541921233342e-17
0.371	2.2607773766374813e-17
0.372	2.2608005611388714e-17
0.373	2.2608237456275045e-17
0.374	2.2608469301033801e-17
0.375	2.260870114566499e-17
0.376	2.2608932990168609e-17
0.377	2.2609164834544657e-17
0.378	2.2609396678793129e-17
0.379	2.2609628522914039e-17
0.38	2.2609860366907373e-17
0.38100000000000001	2.2611303639068816e-17
0.38200000000000001	2.2612746910453086e-17
0.38300000000000001	2.2614190181060199e-17
0.38400000000000001	2.2615633450890142e-17
0.38500000000000001	2.2617076719942916e-17
0.38600000000000001	2.2618519988218529e-17
0.38700000000000001	2.2619963255716969e-17
0.38800000000000001	2.2621406522438248e-17
0.38900000000000001	2.2622849788382358e-17
0.39000000000000001	2.2624293053549304e-17
0.39100000000000001	2.2625736317939084e-17
0.39200000000000002	2.2627179581551703e-17
0.39300000000000002	2.2628622844387146e-17
0.39400000000000002	2.2630066106445432e-17
0.39500000000000002	2.2631509367726545e-17
0.39600000000000002	2.2632952628230498e-17
0.39700000000000002	2.2634395887957281e-17
0.39800000000000002	2.2635839146906903e-17
0.39900000000000002	2.2637282405079355e-17
0.40000000000000002	2.2638725662474641e-17
0.40100000000000002	2.2642747723100616e-17
0.40200000000000002	2.2646769781566604e-17
0.40300000000000002	2.2650791837872605e-17
0.40400000000000003	2.2654813892018615e-17
0.40500000000000003	2.2658835944004646e-17
0.40600000000000003	2.2662857993830684e-17
0.40699999999999997	2.2666880041496738e-17
0.40799999999999997	2.2670902087002804e-17
0.40899999999999997	2.2674924130348886e-17
0.40999999999999998	2.2678946171534974e-17
0.41099999999999998	2.2682968210561085e-17
0.41199999999999998	2.2686990247427201e-17
0.41299999999999998	2.2691012282133336e-17
0.41399999999999998	2.2695034314679487e-17
0.41499999999999998	2.2699056345065641e-17
0.41599999999999998	2.2703078373291817e-17
0.41699999999999998	2.2707100399358e-17
0.41799999999999998	2.2711122423264201e-17
0.41899999999999998	2.2715144445010411e-17
0.41999999999999998	2.2719166464596641e-17
0.42099999999999999	2.2725901706657468e-17
0.42199999999999999	2.2732636945103408e-17
0.42299999999999999	2.2739372179934445e-17
0.42399999999999999	2.2746107411150594e-17
0.42499999999999999	2.2752842638751841e-17
0.42599999999999999	2.2759577862738201e-17
0.42699999999999999	2.2766313083109664e-17
0.42799999999999999	2.2773048299866228e-17
0.42899999999999999	2.2779783513007898e-17
0.42999999999999999	2.2786518722534668e-17
0.43099999999999999	2.2793253928446555e-17
0.432	2.2799989130743535e-17
0.433	2.2806724329425628e-17
0.434	2.2813459524492819e-17
0.435	2.2820194715945122e-17
0.436	2.2826929903782522e-17
0.437	2.2833665088005035e-17
0.438	2.2840400268612642e-17
0.439	2.2847135445605365e-17
0.44	2.2853870618983186e-17
0.441	2.2861461821550445e-17
0.442	2.2869053020043776e-17
0.443	2.2876644214463174e-17
0.44400000000000001	2.2884235404808654e-17
0.44500000000000001	2.2891826591080201e-17
0.44600000000000001	2.2899417773277826e-17
0.44700000000000001	2.2907008951401521e-17
0.44800000000000001	2.2914600125451292e-17
0.44900000000000001	2.292219129542713e-17
0.45000000000000001	2.2929782461329046e-17
0.45100000000000001	2.2937373623157032e-17
0.45200000000000001	2.2944964780911096e-17
0.45300000000000001	2.2952555934591227e-17
0.45400000000000001	2.2960147084197437e-17
0.45500000000000002	2.2967738229729714e-17
0.45600000000000002	2.2975329371188072e-17
0.45700000000000002	2.2982920508572503e-17
0.45800000000000002	2.2990511641883001e-17
0.45900000000000002	2.2998102771119577e-17
0.46000000000000002	2.300569389628222e-17
0.46100000000000002	2.3013149368057121e-17
0.46200000000000002	2.3020604835830836e-17
0.46300000000000002	2.3028060299603362e-17
0.46400000000000002	2.30355157593747e-17
0.46500000000000002	2.3042971215144858e-17
0.46600000000000003	2.3050426666913817e-17
0.46700000000000003	2.3057882114681598e-17
0.46800000000000003	2.3065337558448189e-17
0.46899999999999997	2.3072792998213595e-17
0.46999999999999997	2.3080248433977815e-17
0.47099999999999997	2.3087703865740846e-17
0.47199999999999998	2.3095159293502689e-17
0.47299999999999998	2.3102614717263342e-17
0.47399999999999998	2.3110070137022817e-17
0.47499999999999998	2.3117525552781096e-17
0.47599999999999998	2.3124980964538192e-17
0.47699999999999998	2.31324363722941e-17
0.47799999999999998	2.3139891776048822e-17
0.47899999999999998	2.3147347175802355e-17
0.47999999999999998	2.3154802571554706e-17
0.48099999999999998	2.3162126003336935e-17
0.48199999999999998	2.3169449431188738e-17
0.48299999999999998	2.3176772855110115e-17
0.48399999999999999	2.3184096275101074e-17
0.48499999999999999	2.3191419691161607e-17
0.48599999999999999	2.3198743103291708e-17
0.48699999999999999	2.3206066511491389e-17
0.48799999999999999	2.3213389915760637e-17
0.48899999999999999	2.322071331609947e-17
0.48999999999999999	2.322803671250787e-17
0.49099999999999999	2.3235360104985852e-17
0.49199999999999999	2.3242683493533404e-17
0.49299999999999999	2.3250006878150529e-17
0.49399999999999999	2.3257330258837229e-17
0.495	2.326465363559351e-17
0.496	2.3271977008419363e-17
0.497	2.3279300377314792e-17
0.498	2.3286623742279794e-17
0.499	2.3293947103314366e-17
0.5	2.3301270460418523e-17
0.501	2.3308692227967586e-17
0.502	2.331611399153345e-17
0.503	2.3323535751116115e-17
0.504	2.3330957506715587e-17
0.505	2.3338379258331854e-17
0.50600000000000001	2.3345801005964921e-17
0.50700000000000001	2.335322274961479e-17
0.50800000000000001	2.3360644489281466e-17
0.50900000000000001	2.3368066224964933e-17
0.51000000000000001	2.3375487956665211e-17
0.51100000000000001	2.3382909684382287e-17
0.51200000000000001	2.339033140811616e-17
0.51300000000000001	2.3397753127866843e-17
0.51400000000000001	2.3405174843634319e-17
0.51500000000000001	2.3412596555418598e-17
0.51600000000000001	2.3420018263219678e-17
0.51700000000000002	2.3427439967037562e-17
0.51800000000000002	2.3434861666872241e-17
0.51900000000000002	2.3442283362723727e-17
0.52000000000000002	2.3449705054592008e-17
0.52100000000000002	2.3457762172962405e-17
0.52200000000000002	2.3465819287008852e-17
0.52300000000000002	2.3473876396731359e-17
0.52400000000000002	2.3481933502129918e-17
0.52500000000000002	2.3489990603204537e-17
0.52600000000000002	2.3498047699955205e-17
0.52700000000000002	2.3506104792381939e-17
0.52800000000000002	2.3514161880484726e-17
0.52900000000000003	2.3522218964263567e-17
0.53000000000000003	2.3530276043718466e-17
0.53100000000000003	2.3538333118849416e-17
0.53200000000000003	2.3546390189656427e-17
0.53300000000000003	2.3554447256139489e-17
0.53400000000000003	2.3562504318298613e-17
0.53500000000000003	2.3570561376133787e-17
0.53600000000000003	2.3578618429645021e-17
0.53700000000000003	2.358667547883231e-17
0.53800000000000003	2.3594732523695656e-17
0.53900000000000003	2.3602789564235058e-17
0.54000000000000004	2.3610846600450516e-17
0.54100000000000004	2.3619569144463871e-17
0.54200000000000004	2.3628291683796403e-17
0.54300000000000004	2.3637014218448115e-17
0.54400000000000004	2.3645736748419e-17
0.54500000000000004	2.3654459273709068e-17
0.54600000000000004	2.3663181794318307e-17
0.54700000000000004	2.3671904310246732e-17
0.54800000000000004	2.368062682149433e-17
0.54900000000000004	2.3689349328061109e-17
0.55000000000000004	2.3698071829947064e-17
0.55100000000000005	2.3706794327152198e-17
0.55200000000000005	2.3715516819676507e-17
0.55300000000000005	2.3724239307519998e-17
0.55400000000000005	2.3732961790682663e-17
0.55500000000000005	2.3741684269164511e-17
0.55600000000000005	2.3750406742965535e-17
0.55700000000000005	2.3759129212085737e-17
0.55800000000000005	2.3767851676525118e-17
0.55900000000000005	2.3776574136283672e-17
0.56000000000000005	2.378529659136141e-17
0.56100000000000005	2.3794121659350618e-17
0.56200000000000006	2.3802946722603985e-17
0.56299999999999994	2.3811771781121497e-17
0.56399999999999995	2.382059683490316e-17
0.56499999999999995	2.382942188394897e-17
0.56599999999999995	2.3838246928258934e-17
0.56699999999999995	2.3847071967833042e-17
0.56799999999999995	2.3855897002671304e-17
0.56899999999999995	2.3864722032773714e-17
0.56999999999999995	2.3873547058140274e-17
0.57099999999999995	2.3882372078770985e-17
0.57199999999999995	2.389119709466584e-17
0.57299999999999995	2.3900022105824851e-17
0.57399999999999995	2.3908847112248005e-17
0.57499999999999996	2.3917672113935312e-17
0.57599999999999996	2.3926497110886766e-17
0.57699999999999996	2.3935322103102371e-17
0.57799999999999996	2.3944147090582123e-17
0.57899999999999996	2.395297207332603e-17
0.57999999999999996	2.396179705133408e-17
0.58099999999999996	2.3970393634364878e-17
0.58199999999999996	2.3978990212782293e-17
0.58299999999999996	2.398758678658634e-17
0.58399999999999996	2.399618335577701e-17
0.58499999999999996	2.4004779920354299e-17
0.58599999999999997	2.4013376480318212e-17
0.58699999999999997	2.4021973035668749e-17
0.58799999999999997	2.4030569586405914e-17
0.58899999999999997	2.4039166132529697e-17
0.58999999999999997	2.4047762674040111e-17
0.59099999999999997	2.4056359210937145e-17
0.59199999999999997	2.4064955743220807e-17
0.59299999999999997	2.4073552270891088e-17
0.59399999999999997	2.4082148793947995e-17
0.59499999999999997	2.4090745312391524e-17
0.59599999999999997	2.4099341826221684e-17
0.59699999999999998	2.4107938335438458e-17
0.59799999999999998	2.4116534840041863e-17
0.59899999999999998	2.4125131340031896e-17
0.59999999999999998	2.4133727835408543e-17
0.60099999999999998	2.4142108066185855e-17
0.60199999999999998	2.4150488292465756e-17
0.60299999999999998	2.4158868514248263e-17
0.60399999999999998	2.4167248731533354e-17
0.60499999999999998	2.4175628944321044e-17
0.60599999999999998	2.4184009152611324e-17
0.60699999999999998	2.4192389356404203e-17
0.60799999999999998	2.4200769555699675e-17
0.60899999999999999	2.420914975049774e-17
0.60999999999999999	2.4217529940798399e-17
0.61099999999999999	2.4225910126601656e-17
0.61199999999999999	2.4234290307907501e-17
0.61299999999999999	2.424267048471595e-17
0.61399999999999999	2.425105065702699e-17
0.61499999999999999	2.425943082484062e-17
0.61599999999999999	2.4267810988156849e-17
0.61699999999999999	2.4276191146975664e-17
0.61799999999999999	2.4284571301297085e-17
0.61899999999999999	2.4292951451121094e-17
0.62	2.4301331596447698e-17
0.621	2.4309555327232169e-17
0.622	2.4317779053603115e-17
0.623	2.4326002775560526e-17
0.624	2.4334226493104408e-17
0.625	2.4342450206234761e-17
0.626	2.4350673914951588e-17
0.627	2.4358897619254884e-17
0.628	2.4367121319144647e-17
0.629	2.4375345014620885e-17
0.63	2.4383568705683587e-17
0.63100000000000001	2.4391792392332764e-17
0.63200000000000001	2.4400016074568409e-17
0.63300000000000001	2.4408239752390532e-17
0.63400000000000001	2.4416463425799116e-17
0.63500000000000001	2.4424687094794177e-17
0.63600000000000001	2.4432910759375704e-17
0.63700000000000001	2.4441134419543701e-17
0.63800000000000001	2.4449358075298167e-17
0.63900000000000001	2.445758172663911e-17
0.64000000000000001	2.4465805373566518e-17
0.64100000000000001	2.4473881206494812e-17
0.64200000000000002	2.4481957035088842e-17
0.64300000000000002	2.4490032859348602e-17
0.64400000000000002	2.4498108679274098e-17
0.64500000000000002	2.4506184494865325e-17
0.64600000000000002	2.4514260306122294e-17
0.64700000000000002	2.4522336113044993e-17
0.64800000000000002	2.4530411915633431e-17
0.64900000000000002	2.45384877138876e-17
0.65000000000000002	2.4546563507807504e-17
0.65100000000000002	2.4554639297393142e-17
0.65200000000000002	2.456271508264452e-17
0.65300000000000002	2.4570790863561627e-17
0.65400000000000003	2.4578866640144474e-17
0.65500000000000003	2.458694241239305e-17
0.65600000000000003	2.4595018180307367e-17
0.65700000000000003	2.4603093943887416e-17
0.65800000000000003	2.4611169703133195e-17
0.65900000000000003	2.4619245458044717e-17
0.66000000000000003	2.4627321208621969e-17
0.66100000000000003	2.4635256280842192e-17
0.66200000000000003	2.464319134880359e-17
0.66300000000000003	2.4651126412506158e-17
0.66400000000000003	2.4659061471949901e-17
0.66500000000000004	2.4666996527134818e-17
0.66600000000000004	2.4674931578060902e-17
0.66700000000000004	2.4682866624728171e-17
0.66800000000000004	2.4690801667136601e-17
0.66900000000000004	2.4698736705286214e-17
0.67000000000000004	2.4706671739176996e-17
0.67100000000000004	2.4714606768808945e-17
0.67200000000000004	2.4722541794182078e-17
0.67300000000000004	2.4730476815296376e-17
0.67400000000000004	2.4738411832151851e-17
0.67500000000000004	2.4746346844748494e-17
0.67600000000000005	2.4754281853086317e-17
0.67700000000000005	2.4762216857165309e-17
0.67800000000000005	2.4770151856985474e-17
0.67900000000000005	2.4778086852546814e-17
0.68000000000000005	2.4786021843849325e-17
0.68100000000000005	2.4793823543126032e-17
0.68200000000000005	2.4801625238215397e-17
0.68300000000000005	2.4809426929117406e-17
0.68400000000000005	2.4817228615832074e-17
0.68500000000000005	2.482503029835939e-17
0.68600000000000005	2.483283197669935e-17
0.68700000000000006	2.4840633650851971e-17
0.68799999999999994	2.4848435320817232e-17
0.68899999999999995	2.4856236986595152e-17
0.68999999999999995	2.4864038648185718e-17
0.69099999999999995	2.4871840305588937e-17
0.69199999999999995	2.4879641958804805e-17
0.69299999999999995	2.4887443607833328e-17
0.69399999999999995	2.4895245252674497e-17
0.69499999999999995	2.4903046893328319e-17
0.69599999999999995	2.4910848529794787e-17
0.69699999999999995	2.4918650162073916e-17
0.69799999999999995	2.4926451790165686e-17
0.69899999999999995	2.4934253414070114e-17
0.69999999999999996	2.4942055033787191e-17
0.70099999999999996	2.4949730423168178e-17
0.70199999999999996	2.4957405808429511e-17
0.70299999999999996	2.4965081189571178e-17
0.70399999999999996	2.4972756566593195e-17
0.70499999999999996	2.4980431939495549e-17
0.70599999999999996	2.4988107308278249e-17
0.70699999999999996	2.4995782672941287e-17
0.70799999999999996	2.5003458033484671e-17
0.70899999999999996	2.5011133389908392e-17
0.70999999999999996	2.501880874221246e-17
0.71099999999999997	2.5026484090396866e-17
0.71199999999999997	2.5034159434461617e-17
0.71299999999999997	2.5041834774406712e-17
0.71399999999999997	2.5049510110232141e-17
0.71499999999999997	2.505718544193792e-17
0.71599999999999997	2.5064860769524033e-17
0.71699999999999997	2.5072536092990496e-17
0.71799999999999997	2.5080211412337292e-17
0.71899999999999997	2.5087886727564439e-17
0.71999999999999997	2.5095562038671919e-17
0.72099999999999997	2.5103117840195612e-17
0.72199999999999998	2.5110673637663728e-17
0.72299999999999998	2.5118229431076279e-17
0.72399999999999998	2.512578522043326e-17
0.72499999999999998	2.5133341005734669e-17
0.72599999999999998	2.5140896786980502e-17
0.72699999999999998	2.5148452564170769e-17
0.72799999999999998	2.5156008337305469e-17
0.72899999999999998	2.5163564106384592e-17
0.72999999999999998	2.517111987140815e-17
0.73099999999999998	2.5178675632376128e-17
0.73199999999999998	2.5186231389288544e-17
0.73299999999999998	2.5193787142145384e-17
0.73399999999999999	2.5201342890946661e-17
0.73499999999999999	2.5208898635692359e-17
0.73599999999999999	2.5216454376382488e-17
0.73699999999999999	2.5224010113017044e-17
0.73799999999999999	2.5231565845596035e-17
0.73899999999999999	2.5239121574119452e-17
0.73999999999999999	2.5246677298587304e-17
0.74099999999999999	2.5254120291688898e-17
0.74199999999999999	2.5261563280795374e-17
0.74299999999999999	2.5269006265906738e-17
0.74399999999999999	2.5276449247022981e-17
0.745	2.5283892224144108e-17
0.746	2.5291335197270114e-17
0.747	2.5298778166401005e-17
0.748	2.5306221131536774e-17
0.749	2.5313664092677429e-17
0.75	2.5321107049822958e-17
0.751	2.5328550002973379e-17
0.752	2.5335992952128679e-17
0.753	2.5343435897288863e-17
0.754	2.5350878838453923e-17
0.755	2.5358321775623871e-17
0.75600000000000001	2.5365764708798703e-17
0.75700000000000001	2.5373207637978408e-17
0.75800000000000001	2.5380650563163001e-17
0.75900000000000001	2.5388093484352473e-17
0.76000000000000001	2.5395536401546833e-17
0.76100000000000001	2.540287255148731e-17
0.76200000000000001	2.5410208697489923e-17
0.76300000000000001	2.5417544839554668e-17
0.76400000000000001	2.5424880977681562e-17
0.76500000000000001	2.5432217111870582e-17
0.76600000000000001	2.5439553242121745e-17
0.76700000000000002	2.544688936843504e-17
0.76800000000000002	2.545422549081048e-17
0.76900000000000002	2.5461561609248049e-17
0.77000000000000002	2.5468897723747758e-17
0.77100000000000002	2.5476233834309605e-17
0.77200000000000002	2.5483569940933585e-17
0.77300000000000002	2.5490906043619707e-17
0.77400000000000002	2.5498242142367959e-17
0.77500000000000002	2.5505578237178352e-17
0.77600000000000002	2.5512914328050878e-17
0.77700000000000002	2.552025041498555e-17
0.77800000000000002	2.5527586497982347e-17
0.77900000000000003	2.5534922577041287e-17
0.78000000000000003	2.5542258652162363e-17
0.78100000000000003	2.5549482527549354e-17
0.78200000000000003	2.5556706399058646e-17
0.78300000000000003	2.5563930266690247e-17
0.78400000000000003	2.557115413044415e-17
0.78500000000000003	2.5578377990320363e-17
0.78600000000000003	2.5585601846318879e-17
0.78700000000000003	2.5592825698439699e-17
0.78800000000000003	2.5600049546682825e-17
0.78900000000000003	2.5607273391048255e-17
0.79000000000000004	2.561449723153599e-17
0.79100000000000004	2.562172106814603e-17
0.79200000000000004	2.5628944900878381e-17
0.79300000000000004	2.5636168729733028e-17
0.79400000000000004	2.5643392554709989e-17
0.79500000000000004	2.5650616375809246e-17
0.79600000000000004	2.5657840193030817e-17
0.79700000000000004	2.5665064006374683e-17
0.79800000000000004	2.5672287815840867e-17
0.79900000000000004	2.5679511621429349e-17
0.80000000000000004	2.5686735423140137e-17
0.80100000000000005	2.5693812622666677e-17
0.80200000000000005	2.5700889818394137e-17
0.80300000000000005	2.5707967010322527e-17
0.80400000000000005	2.5715044198451833e-17
0.80500000000000005	2.5722121382782071e-17
0.80600000000000005	2.5729198563313226e-17
0.80700000000000005	2.5736275740045307e-17
0.80800000000000005	2.5743352912978308e-17
0.80900000000000005	2.5750430082112238e-17
0.81000000000000005	2.5757507247447085e-17
0.81100000000000005	2.576458440898286e-17
0.81200000000000006	2.5771661566719553e-17
0.81299999999999994	2.5778738720657177e-17
0.81399999999999995	2.5785815870795722e-17
0.81499999999999995	2.5792893017135186e-17
0.81599999999999995	2.5799970159675583e-17
0.81699999999999995	2.5807047298416893e-17
0.81799999999999995	2.5814124433359132e-17
0.81899999999999995	2.5821201564502291e-17
0.81999999999999995	2.5828278691846377e-17
0.82099999999999995	2.5835273678212994e-17
0.82199999999999995	2.5842268660824584e-17
0.82299999999999995	2.5849263639681143e-17
0.82399999999999995	2.5856258614782676e-17
0.82499999999999996	2.5863253586129181e-17
0.82599999999999996	2.5870248553720665e-17
0.82699999999999996	2.5877243517557109e-17
0.82799999999999996	2.5884238477638539e-17
0.82899999999999996	2.5891233433964935e-17
0.82999999999999996	2.5898228386536302e-17
0.83099999999999996	2.5905223335352643e-17
0.83199999999999996	2.5912218280413955e-17
0.83299999999999996	2.5919213221720246e-17
0.83399999999999996	2.5926208159271497e-17
0.83499999999999996	2.5933203093067733e-17
0.83599999999999997	2.5940198023108929e-17
0.83699999999999997	2.5947192949395108e-17
0.83799999999999997	2.5954187871926256e-17
0.83899999999999997	2.5961182790702374e-17
0.83999999999999997	2.5968177705723465e-17
0.84099999999999997	2.5975265466289907e-17
0.84199999999999997	2.5982353223051525e-17
0.84299999999999997	2.5989440976008322e-17
0.84399999999999997	2.5996528725160298e-17
0.84499999999999997	2.6003616470507447e-17
0.84599999999999997	2.6010704212049781e-17
0.84699999999999998	2.6017791949787288e-17
0.84799999999999998	2.602487968371998e-17
0.84899999999999998	2.6031967413847842e-17
0.84999999999999998	2.6039055140170889e-17
0.85099999999999998	2.6046142862689109e-17
0.85199999999999998	2.6053230581402511e-17
0.85299999999999998	2.6060318296311089e-17
0.85399999999999998	2.6067406007414849e-17
0.85499999999999998	2.6074493714713782e-17
0.85599999999999998	2.60815814182079e-17
0.85699999999999998	2.6088669117897198e-17
0.85799999999999998	2.6095756813781665e-17
0.85899999999999999	2.6102844505861317e-17
0.85999999999999999	2.6109932194136142e-17
0.86099999999999999	2.6117283745623509e-17
0.86199999999999999	2.6124635293164545e-17
0.86299999999999999	2.6131986836759251e-17
0.86399999999999999	2.6139338376407623e-17
0.86499999999999999	2.6146689912109665e-17
0.86599999999999999	2.6154041443865375e-17
0.86699999999999999	2.6161392971674756e-17
0.86799999999999999	2.6168744495537798e-17
0.86899999999999999	2.6176096015454518e-17
0.87	2.6183447531424902e-17
0.871	2.6190799043448958e-17
0.872	2.6198150551526681e-17
0.873	2.6205502055658072e-17
0.874	2.6212853555843134e-17
0.875	2.6220205052081858e-17
0.876	2.6227556544374259e-17
0.877	2.6234908032720321e-17
0.878	2.6242259517120058e-17
0.879	2.6249610997573456e-17
0.88	2.6256962474080532e-17
0.88100000000000001	2.6264601992457646e-17
0.88200000000000001	2.6272241506733959e-17
0.88300000000000001	2.6279881016909452e-17
0.88400000000000001	2.6287520522984145e-17
0.88500000000000001	2.6295160024958033e-17
0.88600000000000001	2.6302799522831102e-17
0.88700000000000001	2.6310439016603367e-17
0.88800000000000001	2.6318078506274819e-17
0.88900000000000001	2.632571799184547e-17
0.89000000000000001	2.6333357473315304e-17
0.89100000000000001	2.6340996950684335e-17
0.89200000000000002	2.6348636423952555e-17
0.89300000000000002	2.6356275893119968e-17
0.89400000000000002	2.6363915358186567e-17
0.89500000000000002	2.6371554819152363e-17
0.89600000000000002	2.6379194276017348e-17
0.89700000000000002	2.6386833728781527e-17
0.89800000000000002	2.6394473177444888e-17
0.89900000000000002	2.6402112622007452e-17
0.90000000000000002	2.6409752062469203e-17
0.90100000000000002	2.641751496522732e-17
0.90200000000000002	2.6425277863818417e-17
0.90300000000000002	2.6433040758242483e-17
0.90400000000000003	2.6440803648499533e-17
0.90500000000000003	2.6448566534589555e-17
0.90600000000000003	2.6456329416512561e-17
0.90700000000000003	2.6464092294268535e-17
0.90800000000000003	2.6471855167857491e-17
0.90900000000000003	2.6479618037279418e-17
0.91000000000000003	2.6487380902534326e-17
0.91100000000000003	2.6495143763622206e-17
0.91200000000000003	2.6502906620543069e-17
0.91300000000000003	2.6510669473296908e-17
0.91400000000000003	2.6518432321883715e-17
0.91500000000000004	2.6526195166303506e-17
0.91600000000000004	2.6533958006556269e-17
0.91700000000000004	2.6541720842642013e-17
0.91800000000000004	2.6549483674560731e-17
0.91900000000000004	2.6557246502312431e-17
0.92000000000000004	2.6565009325897099e-17
0.92100000000000004	2.6572925501267524e-17
0.92200000000000004	2.6580841672388677e-17
0.92300000000000004	2.6588757839260568e-17
0.92400000000000004	2.659667400188318e-17
0.92500000000000004	2.6604590160256535e-17
0.92600000000000005	2.6612506314380613e-17
0.92700000000000005	2.662042246425543e-17
0.92800000000000005	2.6628338609880977e-17
0.92900000000000005	2.6636254751257254e-17
0.93000000000000005	2.6644170888384264e-17
0.93100000000000005	2.6652087021262003e-17
0.93200000000000005	2.6660003149890476e-17
0.93300000000000005	2.6667919274269679e-17
0.93400000000000005	2.6675835394399617e-17
0.93500000000000005	2.6683751510280279e-17
0.93600000000000005	2.6691667621911681e-17
0.93700000000000006	2.6699583729293809e-17
0.93799999999999994	2.670749983242667e-17
0.93899999999999995	2.6715415931310261e-17
0.93999999999999995	2.672333202594459e-17
0.94099999999999995	2.6731660051233643e-17
0.94199999999999995	2.6739988072052513e-17
0.94299999999999995	2.6748316088401198e-17
0.94399999999999995	2.6756644100279679e-17
0.94499999999999995	2.6764972107687979e-17
0.94599999999999995	2.6773300110626084e-17
0.94699999999999995	2.6781628109094004e-17
0.94799999999999995	2.6789956103091726e-17
0.94899999999999995	2.6798284092619264e-17
0.94999999999999996	2.6806612077676604e-17
0.95099999999999996	2.6814940058263765e-17
0.95199999999999996	2.6823268034380723e-17
0.95299999999999996	2.6831596006027498e-17
0.95399999999999996	2.683992397320408e-17
0.95499999999999996	2.6848251935910479e-17
0.95599999999999996	2.6856579894146681e-17
0.95699999999999996	2.6864907847912691e-17
0.95799999999999996	2.6873235797208514e-17
0.95899999999999996	2.6881563742034142e-17
0.95999999999999996	2.6889891682389588e-17
0.96099999999999997	2.6899128963638669e-17
0.96199999999999997	2.6908366239929874e-17
0.96299999999999997	2.6917603511263199e-17
0.96399999999999997	2.6926840777638653e-17
0.96499999999999997	2.6936078039056221e-17
0.96599999999999997	2.6945315295515918e-17
0.96699999999999997	2.6954552547017733e-17
0.96799999999999997	2.6963789793561674e-17
0.96899999999999997	2.6973027035147732e-17
0.96999999999999997	2.6982264271775916e-17
0.97099999999999997	2.6991501503446224e-17
0.97199999999999998	2.7000738730158645e-17
0.97299999999999998	2.7009975951913196e-17
0.97399999999999998	2.7019213168709864e-17
0.97499999999999998	2.7028450380548661e-17
0.97599999999999998	2.7037687587429573e-17
0.97699999999999998	2.7046924789352613e-17
0.97799999999999998	2.7056161986317768e-17
0.97899999999999998	2.7065399178325052e-17
0.97999999999999998	2.7074636365374453e-17
0.98099999999999998	2.7084946412288059e-17
0.98199999999999998	2.7095256453668398e-17
0.98299999999999998	2.7105566489515472e-17
0.98399999999999999	2.7115876519829281e-17
0.98499999999999999	2.7126186544609829e-17
0.98599999999999999	2.713649656385711e-17
0.98699999999999999	2.7146806577571123e-17
0.98799999999999999	2.7157116585751877e-17
0.98899999999999999	2.7167426588399358e-17
0.98999999999999999	2.717773658551358e-17
0.99099999999999999	2.7188046577094532e-17
0.99199999999999999	2.7198356563142225e-17
0.99299999999999999	2.7208666543656648e-17
0.99399999999999999	2.7218976518637809e-17
0.995	2.7229286488085703e-17
0.996	2.7239596452000335e-17
0.997	2.7249906410381696e-17
0.998	2.72602163632298e-17
0.999	2.7270526310544635e-17
1	2.7280836252326203e-17
1.1000000000000001	2.85671440053258e-17
1.2	3.0177503907871698e-17
1.3	3.2111060150029425e-17
1.3999999999999999	3.4527256404317406e-17
1.5	3.7317349156040086e-17
1.6000000000000001	4.0397201354213677e-17
1.7	4.3751668348882223e-17
1.8	4.7498737739088543e-17
1.8999999999999999	5.1741349679947872e-17
2	5.6129693090657488e-17
2.1000000000000001	6.073785983250573e-17
2.2000000000000002	6.5805840650315595e-17
2.2999999999999998	7.1655907778929235e-17
2.3999999999999999	7.8643663983839992e-17
2.5	8.7056593747202996e-17
2.6000000000000001	9.7096181777990002e-17
2.7000000000000002	1.089181975231389e-16
2.7999999999999998	1.2276558898737734e-16
2.8999999999999999	1.3909893355148338e-16
3	1.5858525510642557e-16
3.1000000000000001	1.8201405397166975e-16
3.2000000000000002	2.1006612012097837e-16
3.2999999999999998	2.4306614266129521e-16
3.3999999999999999	2.866510335954508e-16
3.5	3.3654666090242959e-16
3.6000000000000001	3.9050943888985558e-16
3.7000000000000002	4.4629171192471923e-16
3.7999999999999998	5.0186738068777912e-16
3.8999999999999999	5.5524965854984386e-16
4	6.0519178046127394e-16
4.0999999999999996	6.5069868537146537e-16
4.2000000000000002	6.9105449352495291e-16
4.2999999999999998	7.2579220272288378e-16
4.4000000000000004	7.5485015734256299e-16
4.5	7.7842583149688089e-16
4.5999999999999996	7.9710216024899959e-16
4.7000000000000002	8.1155074427652857e-16
4.7999999999999998	8.229458896808775e-16
4.9000000000000004	8.3203019302564839e-16
5	8.3960608954195537e-16
5.0999999999999996	8.4606787864809549e-16
5.2000000000000002	8.51738762913962e-16
5.2999999999999998	8.5657908355788799e-16
5.4000000000000004	8.6082685577144158e-16
5.5	8.6444459466208775e-16
5.5999999999999996	8.6767472594314247e-16
5.7000000000000002	8.7040019971628871e-16
5.7999999999999998	8.7266303468208157e-16
5.9000000000000004	8.7453204681114305e-16
6	8.7601701960609377e-16
6.0999999999999996	8.7698779880936314e-16
6.2000000000000002	8.7775766174199777e-16
6.2999999999999998	8.7828979836263188e-16
6.4000000000000004	8.7882288871203816e-16
6.5	8.7948596791726063e-16
6.5999999999999996	8.8049650227914483e-16
6.7000000000000002	8.8186018277298558e-16
6.7999999999999998	8.8388183381801247e-16
6.9000000000000004	8.8659817987806822e-16
7	8.9016151397568263e-16
7.0999999999999996	8.9462915805633336e-16
7.2000000000000002	8.9989989400657574e-16
7.2999999999999998	9.0589615487092115e-16
7.4000000000000004	9.1244642626762583e-16
7.5	9.1953525976312264e-16
7.5999999999999996	9.2696003119371889e-16
7.7000000000000002	9.3476887695939521e-16
7.7999999999999998	9.4268565204981832e-16
7.9000000000000004	9.5071467467762801e-16
8	9.5962513449672751e-16
8.0999999999999996	9.6837617396773613e-16
8.1999999999999993	9.7687046580841652e-16
8.3000000000000007	9.8549216789975425e-16
8.4000000000000004	9.9426129862456803e-16
8.5	1.00239532356516e-15
8.5999999999999996	1.0114029430372877e-15
8.6999999999999993	1.0198994713720438e-15
8.8000000000000007	1.0285333913815309e-15
8.9000000000000004	1.0374149352252284e-15
9	1.0458176190450041e-15
9.0999999999999996	1.0544180924225542e-15
9.1999999999999993	1.063348789904608e-15
9.3000000000000007	1.072020676188633e-15
9.4000000000000004	1.080313722230454e-15
9.5	1.0887430021436621e-15
9.5999999999999996	1.0971854980259379e-15
9.6999999999999993	1.1053378801716399e-15
9.8000000000000007	1.1132203948995071e-15
9.9000000000000004	1.1208501929866467e-15
10	1.1282406738567266e-15
10.5	1.1621400408661902e-15
11	1.191534014116911e-15
11.5	1.2172790640545085e-15
12	1.2399217773551069e-15
12.5	1.2593608243497901e-15
13	1.2753827153184236e-15
13.5	1.285680267089486e-15
14	1.2893707438141237e-15
14.5	1.2884292407987937e-15
15	1.2811827113593497e-15
15.5	1.2673397736993859e-15
16	1.2486674459115717e-15
16.5	1.2237843178150258e-15
17	1.1931428258258813e-15
17.5	1.1582108050064728e-15
18	1.1190972647793105e-15
18.5	1.0792312711599097e-15
19	1.0396085068858795e-15
19.5	1.0022401895533316e-15
20	9.6787255425541965e-16
20.5	9.3790467893025576e-16
21	9.1227376898347763e-16
21.5	8.9077801901859275e-16
22	8.7316139835580149e-16
22.5	8.5901253367870528e-16
23	8.4787451445719604e-16
23.5	8.3915666789875077e-16
24	8.3251740283275794e-16
24.5	8.274397733348609e-16
25	8.233245425448362e-16
25.5	8.1990051890863369e-16
26	8.1686911443101175e-16
26.5	8.1431647990323825e-16
27	8.1200475175231607e-16
27.5	8.0977906929214583e-16
28	8.0754611189899329e-16
28.5	8.0518367465257632e-16
29	8.0261749823898485e-16
29.5	7.9975897651902158e-16
30	7.9659849400163464e-16
30.5	7.9313678046502778e-16
31	7.895272680859877e-16
31.5	7.8558820004700027e-16
32	7.8141620821904699e-16
32.5	7.7709956338972429e-16
33	7.7249273820399156e-16
33.5	7.6758465534644334e-16
34	7.6253413111111999e-16
34.5	7.5724880458407915e-16
35	7.5176484395658801e-16
35.5	7.4614481538516731e-16
36	7.4049125064737515e-16
36.5	7.349136992192668e-16
37	7.2939778460551688e-16
37.5	7.2400528748951522e-16
38	7.1868003137419488e-16
38.5	7.1342420772025223e-16
39	7.0825504950039279e-16
39.5	7.0320576782903863e-16
40	6.9817980548196352e-16
40.5	6.9327990221826761e-16
41	6.8849191079573615e-16
41.5	6.8374847808254074e-16
42	6.7907951241395428e-16
42.5	6.745010032597996e-16
43	6.6997318070497604e-16
43.5	6.6549490798728786e-16
44	6.6113259809773991e-16
44.5	6.5684606658718669e-16
45	6.5260452738183649e-16
45.5	6.4840706193728112e-16
46	6.4425270241553259e-16
46.5	6.4018789321186023e-16
47	6.3620671852361096e-16
47.5	6.3229718906983207e-16
48	6.2845704808697838e-16
48.5	6.2460460316492483e-16
49	6.2086000061598243e-16
49.5	6.1715257609546374e-16
50	6.1348051358808469e-16
