//1	2	1	1	0	0	0	0
//Energy[eV]	XS[cm2]
0	2.9388600000000038e-17
0.001	2.9363634631996384e-17
0.002	2.9338669263992731e-17
0.0030000000000000001	2.9313703895989077e-17
0.0040000000000000001	2.9288738527985424e-17
0.0050000000000000001	2.926377315998177e-17
0.0060000000000000001	2.9238807791978123e-17
0.0070000000000000001	2.921384242397447e-17
0.0080000000000000002	2.9188877055970816e-17
0.0089999999999999993	2.9163911687967163e-17
0.01	2.9138946319963509e-17
0.010999999999999999	2.9113980951959855e-17
0.012	2.9089015583956202e-17
0.012999999999999999	2.9064050215952548e-17
0.014	2.9039084847948901e-17
0.014999999999999999	2.9014119479945248e-17
0.016	2.8989154111941594e-17
0.017000000000000001	2.8964188743937941e-17
0.017999999999999999	2.8939223375934287e-17
0.019	2.8914258007930634e-17
0.02	2.888929263992698e-17
0.021000000000000001	2.8878583492407421e-17
0.021999999999999999	2.8867874344887868e-17
0.023	2.8857165197368309e-17
0.024	2.884645604984875e-17
0.025000000000000001	2.8835746902329198e-17
0.025999999999999999	2.8825037754809639e-17
0.027	2.881432860729008e-17
0.028000000000000001	2.8803619459770521e-17
0.029000000000000001	2.8792910312250962e-17
0.029999999999999999	2.8782201164731409e-17
0.031	2.877149201721185e-17
0.032000000000000001	2.8760782869692291e-17
0.033000000000000002	2.8750073722172732e-17
0.034000000000000002	2.8739364574653173e-17
0.035000000000000003	2.8728655427133614e-17
0.035999999999999997	2.8717946279614061e-17
0.036999999999999998	2.8707237132094503e-17
0.037999999999999999	2.8696527984574944e-17
0.039	2.8685818837055391e-17
0.040000000000000001	2.8675109689535832e-17
0.041000000000000002	2.8667684999486769e-17
0.042000000000000003	2.8660260309437712e-17
0.042999999999999997	2.8652835619388656e-17
0.043999999999999997	2.8645410929339599e-17
0.044999999999999998	2.8637986239290536e-17
0.045999999999999999	2.8630561549241479e-17
0.047	2.8623136859192416e-17
0.048000000000000001	2.861571216914336e-17
0.049000000000000002	2.8608287479094303e-17
0.050000000000000003	2.8600862789045246e-17
0.050999999999999997	2.8593438098996183e-17
0.051999999999999998	2.8586013408947127e-17
0.052999999999999999	2.857858871889807e-17
0.053999999999999999	2.8571164028849007e-17
0.055	2.856373933879995e-17
0.056000000000000001	2.8556314648750894e-17
0.057000000000000002	2.8548889958701831e-17
0.058000000000000003	2.8541465268652774e-17
0.058999999999999997	2.8534040578603717e-17
0.059999999999999998	2.8526615888554654e-17
0.060999999999999999	2.852053854196058e-17
0.062	2.8514461195366499e-17
0.063	2.8508383848772425e-17
0.064000000000000001	2.8502306502178344e-17
0.065000000000000002	2.849622915558427e-17
0.066000000000000003	2.8490151808990189e-17
0.067000000000000004	2.8484074462396115e-17
0.068000000000000005	2.8477997115802034e-17
0.069000000000000006	2.847191976920796e-17
0.070000000000000007	2.8465842422613879e-17
0.070999999999999994	2.8459765076019805e-17
0.071999999999999995	2.8453687729425724e-17
0.072999999999999995	2.844761038283165e-17
0.073999999999999996	2.8441533036237569e-17
0.074999999999999997	2.8435455689643495e-17
0.075999999999999998	2.8429378343049414e-17
0.076999999999999999	2.842330099645534e-17
0.078	2.8417223649861259e-17
0.079000000000000001	2.8411146303267185e-17
0.080000000000000002	2.8405068956673104e-17
0.081000000000000003	2.8400964922414724e-17
0.082000000000000003	2.8396860888156345e-17
0.083000000000000004	2.8392756853897959e-17
0.084000000000000005	2.8388652819639579e-17
0.085000000000000006	2.83845487853812e-17
0.085999999999999993	2.838044475112282e-17
0.086999999999999994	2.837634071686444e-17
0.087999999999999995	2.8372236682606054e-17
0.088999999999999996	2.8368132648347675e-17
0.089999999999999997	2.8364028614089295e-17
0.090999999999999998	2.8359924579830916e-17
0.091999999999999998	2.8355820545572536e-17
0.092999999999999999	2.835171651131415e-17
0.094	2.834761247705577e-17
0.095000000000000001	2.8343508442797391e-17
0.096000000000000002	2.8339404408539011e-17
0.097000000000000003	2.8335300374280631e-17
0.098000000000000004	2.8331196340022246e-17
0.099000000000000005	2.8327092305763866e-17
0.10000000000000001	2.8322988271505486e-17
0.10100000000000001	2.8320312557181195e-17
0.10199999999999999	2.8317636842856898e-17
0.10299999999999999	2.8314961128532608e-17
0.104	2.8312285414208311e-17
0.105	2.830960969988402e-17
0.106	2.8306933985559729e-17
0.107	2.8304258271235432e-17
0.108	2.8301582556911141e-17
0.109	2.8298906842586844e-17
0.11	2.8296231128262553e-17
0.111	2.8293555413938262e-17
0.112	2.8290879699613965e-17
0.113	2.8288203985289674e-17
0.114	2.8285528270965384e-17
0.115	2.8282852556641087e-17
0.11600000000000001	2.8280176842316796e-17
0.11700000000000001	2.8277501127992505e-17
0.11799999999999999	2.8274825413668214e-17
0.11899999999999999	2.8272149699343917e-17
0.12	2.8269473985019626e-17
0.121	2.8267889126027664e-17
0.122	2.8266304267035703e-17
0.123	2.8264719408043741e-17
0.124	2.8263134549051773e-17
0.125	2.8261549690059817e-17
0.126	2.8259964831067849e-17
0.127	2.8258379972075887e-17
0.128	2.8256795113083926e-17
0.129	2.8255210254091964e-17
0.13	2.8253625395100002e-17
0.13100000000000001	2.825204053610804e-17
0.13200000000000001	2.8250455677116078e-17
0.13300000000000001	2.8248870818124116e-17
0.13400000000000001	2.8247285959132148e-17
0.13500000000000001	2.8245701100140193e-17
0.13600000000000001	2.8244116241148225e-17
0.13700000000000001	2.8242531382156263e-17
0.13800000000000001	2.8240946523164301e-17
0.13900000000000001	2.8239361664172339e-17
0.14000000000000001	2.8237776805180378e-17
0.14099999999999999	2.823674817074341e-17
0.14199999999999999	2.8235719536306442e-17
0.14299999999999999	2.8234690901869475e-17
0.14399999999999999	2.8233662267432507e-17
0.14499999999999999	2.8232633632995539e-17
0.14599999999999999	2.8231604998558565e-17
0.14699999999999999	2.8230576364121604e-17
0.14799999999999999	2.822954772968463e-17
0.14899999999999999	2.8228519095247669e-17
0.14999999999999999	2.8227490460810701e-17
0.151	2.8226461826373727e-17
0.152	2.8225433191936766e-17
0.153	2.8224404557499792e-17
0.154	2.822337592306283e-17
0.155	2.8222347288625856e-17
0.156	2.8221318654188889e-17
0.157	2.8220290019751921e-17
0.158	2.8219261385314953e-17
0.159	2.8218232750877986e-17
0.16	2.8217204116441018e-17
0.161	2.8216498888050629e-17
0.16200000000000001	2.8215793659660239e-17
0.16300000000000001	2.8215088431269844e-17
0.16400000000000001	2.8214383202879455e-17
0.16500000000000001	2.8213677974489059e-17
0.16600000000000001	2.821297274609867e-17
0.16700000000000001	2.821226751770828e-17
0.16800000000000001	2.8211562289317885e-17
0.16900000000000001	2.8210857060927496e-17
0.17000000000000001	2.8210151832537106e-17
0.17100000000000001	2.8209446604146717e-17
0.17199999999999999	2.8208741375756328e-17
0.17299999999999999	2.8208036147365932e-17
0.17399999999999999	2.8207330918975543e-17
0.17499999999999999	2.8206625690585154e-17
0.17599999999999999	2.8205920462194758e-17
0.17699999999999999	2.8205215233804369e-17
0.17799999999999999	2.820451000541398e-17
0.17899999999999999	2.8203804777023584e-17
0.17999999999999999	2.8203099548633195e-17
0.18099999999999999	2.8202595102915505e-17
0.182	2.8202090657197821e-17
0.183	2.820158621148013e-17
0.184	2.8201081765762446e-17
0.185	2.8200577320044756e-17
0.186	2.8200072874327072e-17
0.187	2.8199568428609382e-17
0.188	2.8199063982891698e-17
0.189	2.8198559537174008e-17
0.19	2.8198055091456324e-17
0.191	2.8197550645738634e-17
0.192	2.819704620002095e-17
0.193	2.819654175430326e-17
0.19400000000000001	2.8196037308585569e-17
0.19500000000000001	2.8195532862867885e-17
0.19600000000000001	2.8195028417150195e-17
0.19700000000000001	2.8194523971432511e-17
0.19800000000000001	2.8194019525714827e-17
0.19900000000000001	2.8193515079997137e-17
0.20000000000000001	2.8193010634279447e-17
0.20100000000000001	2.8192637401497017e-17
0.20200000000000001	2.8192264168714587e-17
0.20300000000000001	2.8191890935932152e-17
0.20399999999999999	2.8191517703149722e-17
0.20499999999999999	2.8191144470367292e-17
0.20599999999999999	2.8190771237584856e-17
0.20699999999999999	2.8190398004802427e-17
0.20799999999999999	2.8190024772019997e-17
0.20899999999999999	2.8189651539237561e-17
0.20999999999999999	2.8189278306455137e-17
0.21099999999999999	2.8188905073672702e-17
0.21199999999999999	2.8188531840890272e-17
0.21299999999999999	2.8188158608107842e-17
0.214	2.8187785375325406e-17
0.215	2.8187412142542977e-17
0.216	2.8187038909760547e-17
0.217	2.8186665676978111e-17
0.218	2.8186292444195681e-17
0.219	2.8185919211413252e-17
0.22	2.8185545978630816e-17
0.221	2.8185262104493015e-17
0.222	2.8184978230355209e-17
0.223	2.8184694356217396e-17
0.224	2.818441048207959e-17
0.22500000000000001	2.8184126607941789e-17
0.22600000000000001	2.8183842733803983e-17
0.22700000000000001	2.8183558859666176e-17
0.22800000000000001	2.8183274985528364e-17
0.22900000000000001	2.8182991111390563e-17
0.23000000000000001	2.8182707237252757e-17
0.23100000000000001	2.818242336311495e-17
0.23200000000000001	2.8182139488977144e-17
0.23300000000000001	2.8181855614839337e-17
0.23400000000000001	2.8181571740701531e-17
0.23499999999999999	2.8181287866563724e-17
0.23599999999999999	2.8181003992425918e-17
0.23699999999999999	2.8180720118288111e-17
0.23799999999999999	2.8180436244150305e-17
0.23899999999999999	2.8180152370012498e-17
0.23999999999999999	2.8179868495874692e-17
0.24099999999999999	2.817964757504348e-17
0.24199999999999999	2.8179426654212267e-17
0.24299999999999999	2.8179205733381055e-17
0.24399999999999999	2.8178984812549837e-17
0.245	2.8178763891718631e-17
0.246	2.8178542970887419e-17
0.247	2.81783220500562e-17
0.248	2.8178101129224988e-17
0.249	2.8177880208393776e-17
0.25	2.8177659287562564e-17
0.251	2.8177438366731351e-17
0.252	2.8177217445900133e-17
0.253	2.8176996525068921e-17
0.254	2.8176775604237709e-17
0.255	2.8176554683406496e-17
0.25600000000000001	2.8176333762575284e-17
0.25700000000000001	2.8176112841744072e-17
0.25800000000000001	2.817589192091286e-17
0.25900000000000001	2.8175671000081648e-17
0.26000000000000001	2.8175450079250429e-17
0.26100000000000001	2.8175274785336924e-17
0.26200000000000001	2.8175099491423418e-17
0.26300000000000001	2.8174924197509912e-17
0.26400000000000001	2.8174748903596406e-17
0.26500000000000001	2.8174573609682901e-17
0.26600000000000001	2.8174398315769395e-17
0.26700000000000002	2.8174223021855889e-17
0.26800000000000002	2.8174047727942384e-17
0.26900000000000002	2.8173872434028878e-17
0.27000000000000002	2.8173697140115372e-17
0.27100000000000002	2.8173521846201866e-17
0.27200000000000002	2.8173346552288355e-17
0.27300000000000002	2.8173171258374849e-17
0.27400000000000002	2.8172995964461343e-17
0.27500000000000002	2.8172820670547837e-17
0.27600000000000002	2.8172645376634332e-17
0.27700000000000002	2.8172470082720826e-17
0.27800000000000002	2.817229478880732e-17
0.27900000000000003	2.8172119494893815e-17
0.28000000000000003	2.8171944200980309e-17
0.28100000000000003	2.8171802782788774e-17
0.28199999999999997	2.8171661364597245e-17
0.28299999999999997	2.8171519946405709e-17
0.28399999999999997	2.817137852821418e-17
0.28499999999999998	2.8171237110022651e-17
0.28599999999999998	2.8171095691831122e-17
0.28699999999999998	2.8170954273639587e-17
0.28799999999999998	2.8170812855448058e-17
0.28899999999999998	2.8170671437256529e-17
0.28999999999999998	2.8170530019064994e-17
0.29099999999999998	2.8170388600873465e-17
0.29199999999999998	2.8170247182681929e-17
0.29299999999999998	2.81701057644904e-17
0.29399999999999998	2.8169964346298871e-17
0.29499999999999998	2.8169822928107336e-17
0.29599999999999999	2.8169681509915807e-17
0.29699999999999999	2.8169540091724278e-17
0.29799999999999999	2.8169398673532749e-17
0.29899999999999999	2.8169257255341214e-17
0.29999999999999999	2.8169115837149678e-17
0.30099999999999999	2.8169000096726702e-17
0.30199999999999999	2.8168884356303732e-17
0.30299999999999999	2.8168768615880756e-17
0.30399999999999999	2.816865287545778e-17
0.30499999999999999	2.8168537135034804e-17
0.30599999999999999	2.8168421394611828e-17
0.307	2.8168305654188852e-17
0.308	2.8168189913765876e-17
0.309	2.81680741733429e-17
0.31	2.816795843291993e-17
0.311	2.8167842692496954e-17
0.312	2.8167726952073978e-17
0.313	2.8167611211651002e-17
0.314	2.8167495471228026e-17
0.315	2.816737973080505e-17
0.316	2.8167263990382074e-17
0.317	2.8167148249959098e-17
0.318	2.8167032509536128e-17
0.31900000000000001	2.8166916769113152e-17
0.32000000000000001	2.8166801028690176e-17
0.32100000000000001	2.8166655170506284e-17
0.32200000000000001	2.8166509312322397e-17
0.32300000000000001	2.8166363454138505e-17
0.32400000000000001	2.8166217595954613e-17
0.32500000000000001	2.8166071737770726e-17
0.32600000000000001	2.8165925879586834e-17
0.32700000000000001	2.8165780021402948e-17
0.32800000000000001	2.8165634163219062e-17
0.32900000000000001	2.8165488305035169e-17
0.33000000000000002	2.8165342446851277e-17
0.33100000000000002	2.8165196588667391e-17
0.33200000000000002	2.8165050730483498e-17
0.33300000000000002	2.8164904872299612e-17
0.33400000000000002	2.816475901411572e-17
0.33500000000000002	2.8164613155931833e-17
0.33600000000000002	2.8164467297747941e-17
0.33700000000000002	2.8164321439564049e-17
0.33800000000000002	2.8164175581380162e-17
0.33900000000000002	2.8164029723196276e-17
0.34000000000000002	2.8163883865012384e-17
0.34100000000000003	2.816364698501906e-17
0.34200000000000003	2.8163410105025743e-17
0.34300000000000003	2.8163173225032419e-17
0.34399999999999997	2.8162936345039096e-17
0.34499999999999997	2.8162699465045778e-17
0.34599999999999997	2.8162462585052454e-17
0.34699999999999998	2.8162225705059131e-17
0.34799999999999998	2.8161988825065807e-17
0.34899999999999998	2.816175194507249e-17
0.34999999999999998	2.8161515065079166e-17
0.35099999999999998	2.8161278185085842e-17
0.35199999999999998	2.8161041305092525e-17
0.35299999999999998	2.8160804425099201e-17
0.35399999999999998	2.8160567545105878e-17
0.35499999999999998	2.8160330665112554e-17
0.35599999999999998	2.8160093785119231e-17
0.35699999999999998	2.8159856905125913e-17
0.35799999999999998	2.8159620025132589e-17
0.35899999999999999	2.8159383145139266e-17
0.35999999999999999	2.8159146265145942e-17
0.36099999999999999	2.8159442624200042e-17
0.36199999999999999	2.8159738983254142e-17
0.36299999999999999	2.8160035342308241e-17
0.36399999999999999	2.8160331701362341e-17
0.36499999999999999	2.816062806041644e-17
0.36599999999999999	2.8160924419470534e-17
0.36699999999999999	2.8161220778524634e-17
0.36799999999999999	2.8161517137578733e-17
0.36899999999999999	2.8161813496632833e-17
0.37	2.8162109855686933e-17
0.371	2.8162406214741032e-17
0.372	2.8162702573795132e-17
0.373	2.8162998932849232e-17
0.374	2.8163295291903325e-17
0.375	2.8163591650957425e-17
0.376	2.8163888010011524e-17
0.377	2.8164184369065624e-17
0.378	2.8164480728119718e-17
0.379	2.8164777087173817e-17
0.38	2.8165073446227917e-17
0.38100000000000001	2.8166878880327893e-17
0.38200000000000001	2.816868431442787e-17
0.38300000000000001	2.8170489748527847e-17
0.38400000000000001	2.8172295182627823e-17
0.38500000000000001	2.8174100616727794e-17
0.38600000000000001	2.817590605082777e-17
0.38700000000000001	2.8177711484927747e-17
0.38800000000000001	2.8179516919027723e-17
0.38900000000000001	2.81813223531277e-17
0.39000000000000001	2.818312778722767e-17
0.39100000000000001	2.8184933221327647e-17
0.39200000000000002	2.8186738655427623e-17
0.39300000000000002	2.81885440895276e-17
0.39400000000000002	2.8190349523627576e-17
0.39500000000000002	2.8192154957727553e-17
0.39600000000000002	2.8193960391827523e-17
0.39700000000000002	2.81957658259275e-17
0.39800000000000002	2.8197571260027477e-17
0.39900000000000002	2.8199376694127453e-17
0.40000000000000002	2.820118212822743e-17
0.40100000000000002	2.8206199993189517e-17
0.40200000000000002	2.8211217858151605e-17
0.40300000000000002	2.8216235723113693e-17
0.40400000000000003	2.8221253588075781e-17
0.40500000000000003	2.8226271453037874e-17
0.40600000000000003	2.8231289317999962e-17
0.40699999999999997	2.823630718296205e-17
0.40799999999999997	2.8241325047924144e-17
0.40899999999999997	2.8246342912886231e-17
0.40999999999999998	2.8251360777848319e-17
0.41099999999999998	2.8256378642810413e-17
0.41199999999999998	2.8261396507772501e-17
0.41299999999999998	2.8266414372734588e-17
0.41399999999999998	2.8271432237696676e-17
0.41499999999999998	2.827645010265877e-17
0.41599999999999998	2.8281467967620858e-17
0.41699999999999998	2.8286485832582945e-17
0.41799999999999998	2.8291503697545033e-17
0.41899999999999998	2.8296521562507127e-17
0.41999999999999998	2.8301539427469215e-17
0.42099999999999999	2.8309937189958759e-17
0.42199999999999999	2.831833495244831e-17
0.42299999999999999	2.8326732714937855e-17
0.42399999999999999	2.8335130477427405e-17
0.42499999999999999	2.834352823991695e-17
0.42599999999999999	2.8351926002406495e-17
0.42699999999999999	2.8360323764896039e-17
0.42799999999999999	2.836872152738559e-17
0.42899999999999999	2.8377119289875135e-17
0.42999999999999999	2.8385517052364679e-17
0.43099999999999999	2.839391481485423e-17
0.432	2.8402312577343775e-17
0.433	2.8410710339833325e-17
0.434	2.841910810232287e-17
0.435	2.8427505864812414e-17
0.436	2.8435903627301965e-17
0.437	2.844430138979151e-17
0.438	2.8452699152281054e-17
0.439	2.8461096914770605e-17
0.44	2.846949467726015e-17
0.441	2.8478958816133241e-17
0.442	2.8488422955006326e-17
0.443	2.8497887093879411e-17
0.44400000000000001	2.8507351232752502e-17
0.44500000000000001	2.8516815371625587e-17
0.44600000000000001	2.8526279510498678e-17
0.44700000000000001	2.8535743649371769e-17
0.44800000000000001	2.8545207788244854e-17
0.44900000000000001	2.8554671927117945e-17
0.45000000000000001	2.8564136065991029e-17
0.45100000000000001	2.857360020486412e-17
0.45200000000000001	2.8583064343737205e-17
0.45300000000000001	2.8592528482610296e-17
0.45400000000000001	2.8601992621483381e-17
0.45500000000000002	2.8611456760356466e-17
0.45600000000000002	2.8620920899229557e-17
0.45700000000000002	2.8630385038102648e-17
0.45800000000000002	2.8639849176975733e-17
0.45900000000000002	2.8649313315848824e-17
0.46000000000000002	2.8658777454721909e-17
0.46100000000000002	2.8668072611752656e-17
0.46200000000000002	2.8677367768783403e-17
0.46300000000000002	2.868666292581415e-17
0.46400000000000002	2.8695958082844897e-17
0.46500000000000002	2.8705253239875645e-17
0.46600000000000003	2.8714548396906392e-17
0.46700000000000003	2.8723843553937133e-17
0.46800000000000003	2.8733138710967886e-17
0.46899999999999997	2.8742433867998627e-17
0.46999999999999997	2.8751729025029374e-17
0.47099999999999997	2.8761024182060121e-17
0.47199999999999998	2.8770319339090868e-17
0.47299999999999998	2.8779614496121615e-17
0.47399999999999998	2.8788909653152362e-17
0.47499999999999998	2.8798204810183109e-17
0.47599999999999998	2.880749996721385e-17
0.47699999999999998	2.8816795124244603e-17
0.47799999999999998	2.8826090281275344e-17
0.47899999999999998	2.8835385438306098e-17
0.47999999999999998	2.8844680595336838e-17
0.48099999999999998	2.8853811365555656e-17
0.48199999999999998	2.8862942135774461e-17
0.48299999999999998	2.8872072905993272e-17
0.48399999999999999	2.8881203676212089e-17
0.48499999999999999	2.88903344464309e-17
0.48599999999999999	2.8899465216649711e-17
0.48699999999999999	2.8908595986868522e-17
0.48799999999999999	2.8917726757087333e-17
0.48899999999999999	2.8926857527306144e-17
0.48999999999999999	2.8935988297524955e-17
0.49099999999999999	2.8945119067743772e-17
0.49199999999999999	2.8954249837962583e-17
0.49299999999999999	2.8963380608181388e-17
0.49399999999999999	2.8972511378400206e-17
0.495	2.8981642148619017e-17
0.496	2.8990772918837828e-17
0.497	2.8999903689056639e-17
0.498	2.900903445927545e-17
0.499	2.9018165229494261e-17
0.5	2.9027295999713072e-17
0.501	2.9036549368567627e-17
0.502	2.9045802737422181e-17
0.503	2.9055056106276736e-17
0.504	2.906430947513129e-17
0.505	2.9073562843985845e-17
0.50600000000000001	2.9082816212840393e-17
0.50700000000000001	2.9092069581694948e-17
0.50800000000000001	2.9101322950549503e-17
0.50900000000000001	2.9110576319404057e-17
0.51000000000000001	2.9119829688258612e-17
0.51100000000000001	2.9129083057113167e-17
0.51200000000000001	2.9138336425967715e-17
0.51300000000000001	2.914758979482227e-17
0.51400000000000001	2.9156843163676824e-17
0.51500000000000001	2.9166096532531379e-17
0.51600000000000001	2.9175349901385934e-17
0.51700000000000002	2.9184603270240488e-17
0.51800000000000002	2.9193856639095043e-17
0.51900000000000002	2.9203110007949591e-17
0.52000000000000002	2.9212363376804146e-17
0.52100000000000002	2.9222408330506833e-17
0.52200000000000002	2.9232453284209527e-17
0.52300000000000002	2.9242498237912215e-17
0.52400000000000002	2.9252543191614908e-17
0.52500000000000002	2.9262588145317596e-17
0.52600000000000002	2.9272633099020283e-17
0.52700000000000002	2.9282678052722977e-17
0.52800000000000002	2.9292723006425664e-17
0.52900000000000003	2.9302767960128358e-17
0.53000000000000003	2.9312812913831045e-17
0.53100000000000003	2.9322857867533733e-17
0.53200000000000003	2.9332902821236427e-17
0.53300000000000003	2.9342947774939114e-17
0.53400000000000003	2.9352992728641808e-17
0.53500000000000003	2.9363037682344495e-17
0.53600000000000003	2.9373082636047183e-17
0.53700000000000003	2.9383127589749876e-17
0.53800000000000003	2.9393172543452564e-17
0.53900000000000003	2.9403217497155257e-17
0.54000000000000004	2.9413262450857945e-17
0.54100000000000004	2.9424136467926455e-17
0.54200000000000004	2.9435010484994959e-17
0.54300000000000004	2.944588450206347e-17
0.54400000000000004	2.945675851913198e-17
0.54500000000000004	2.946763253620049e-17
0.54600000000000004	2.9478506553268994e-17
0.54700000000000004	2.9489380570337504e-17
0.54800000000000004	2.9500254587406015e-17
0.54900000000000004	2.9511128604474525e-17
0.55000000000000004	2.9522002621543029e-17
0.55100000000000005	2.9532876638611539e-17
0.55200000000000005	2.954375065568005e-17
0.55300000000000005	2.955462467274856e-17
0.55400000000000005	2.956549868981707e-17
0.55500000000000005	2.9576372706885574e-17
0.55600000000000005	2.9587246723954085e-17
0.55700000000000005	2.9598120741022595e-17
0.55800000000000005	2.9608994758091105e-17
0.55900000000000005	2.9619868775159609e-17
0.56000000000000005	2.963074279222812e-17
0.56100000000000005	2.9641744646100641e-17
0.56200000000000006	2.9652746499973162e-17
0.56299999999999994	2.9663748353845684e-17
0.56399999999999995	2.9674750207718199e-17
0.56499999999999995	2.968575206159072e-17
0.56599999999999995	2.9696753915463242e-17
0.56699999999999995	2.9707755769335763e-17
0.56799999999999995	2.9718757623208284e-17
0.56899999999999995	2.9729759477080806e-17
0.56999999999999995	2.9740761330953327e-17
0.57099999999999995	2.9751763184825849e-17
0.57199999999999995	2.9762765038698364e-17
0.57299999999999995	2.9773766892570891e-17
0.57399999999999995	2.9784768746443407e-17
0.57499999999999996	2.9795770600315928e-17
0.57599999999999996	2.9806772454188449e-17
0.57699999999999996	2.9817774308060971e-17
0.57799999999999996	2.9828776161933492e-17
0.57899999999999996	2.9839778015806007e-17
0.57999999999999996	2.9850779869678535e-17
0.58099999999999996	2.9861497202793531e-17
0.58199999999999996	2.9872214535908533e-17
0.58299999999999996	2.9882931869023528e-17
0.58399999999999996	2.989364920213853e-17
0.58499999999999996	2.9904366535253526e-17
0.58599999999999997	2.9915083868368522e-17
0.58699999999999997	2.9925801201483524e-17
0.58799999999999997	2.993651853459852e-17
0.58899999999999997	2.9947235867713522e-17
0.58999999999999997	2.9957953200828518e-17
0.59099999999999997	2.996867053394352e-17
0.59199999999999997	2.9979387867058522e-17
0.59299999999999997	2.9990105200173517e-17
0.59399999999999997	3.0000822533288519e-17
0.59499999999999997	3.0011539866403515e-17
0.59599999999999997	3.0022257199518517e-17
0.59699999999999998	3.0032974532633513e-17
0.59799999999999998	3.0043691865748515e-17
0.59899999999999998	3.0054409198863511e-17
0.59999999999999998	3.0065126531978513e-17
0.60099999999999998	3.007557445434895e-17
0.60199999999999998	3.0086022376719388e-17
0.60299999999999998	3.0096470299089832e-17
0.60399999999999998	3.010691822146027e-17
0.60499999999999998	3.0117366143830708e-17
0.60599999999999998	3.0127814066201146e-17
0.60699999999999998	3.0138261988571583e-17
0.60799999999999998	3.0148709910942027e-17
0.60899999999999999	3.0159157833312465e-17
0.60999999999999999	3.0169605755682903e-17
0.61099999999999999	3.0180053678053341e-17
0.61199999999999999	3.0190501600423779e-17
0.61299999999999999	3.0200949522794223e-17
0.61399999999999999	3.021139744516466e-17
0.61499999999999999	3.0221845367535098e-17
0.61599999999999999	3.0232293289905536e-17
0.61699999999999999	3.0242741212275974e-17
0.61799999999999999	3.0253189134646418e-17
0.61899999999999999	3.0263637057016856e-17
0.62	3.0274084979387294e-17
0.621	3.028433804937952e-17
0.622	3.0294591119371747e-17
0.623	3.0304844189363973e-17
0.624	3.0315097259356194e-17
0.625	3.032535032934842e-17
0.626	3.0335603399340647e-17
0.627	3.0345856469332874e-17
0.628	3.03561095393251e-17
0.629	3.0366362609317327e-17
0.63	3.0376615679309547e-17
0.63100000000000001	3.0386868749301774e-17
0.63200000000000001	3.0397121819294001e-17
0.63300000000000001	3.0407374889286227e-17
0.63400000000000001	3.0417627959278454e-17
0.63500000000000001	3.0427881029270681e-17
0.63600000000000001	3.0438134099262907e-17
0.63700000000000001	3.0448387169255128e-17
0.63800000000000001	3.0458640239247354e-17
0.63900000000000001	3.0468893309239581e-17
0.64000000000000001	3.0479146379231807e-17
0.64100000000000001	3.0489215310131349e-17
0.64200000000000002	3.0499284241030885e-17
0.64300000000000002	3.0509353171930427e-17
0.64400000000000002	3.0519422102829963e-17
0.64500000000000002	3.0529491033729499e-17
0.64600000000000002	3.0539559964629041e-17
0.64700000000000002	3.0549628895528577e-17
0.64800000000000002	3.0559697826428119e-17
0.64900000000000002	3.0569766757327654e-17
0.65000000000000002	3.057983568822719e-17
0.65100000000000002	3.0589904619126726e-17
0.65200000000000002	3.0599973550026268e-17
0.65300000000000002	3.0610042480925804e-17
0.65400000000000003	3.0620111411825346e-17
0.65500000000000003	3.0630180342724881e-17
0.65600000000000003	3.0640249273624423e-17
0.65700000000000003	3.0650318204523959e-17
0.65800000000000003	3.0660387135423495e-17
0.65900000000000003	3.0670456066323031e-17
0.66000000000000003	3.0680524997222573e-17
0.66100000000000003	3.069041867747294e-17
0.66200000000000003	3.0700312357723313e-17
0.66300000000000003	3.071020603797368e-17
0.66400000000000003	3.0720099718224046e-17
0.66500000000000004	3.0729993398474413e-17
0.66600000000000004	3.073988707872478e-17
0.66700000000000004	3.0749780758975153e-17
0.66800000000000004	3.075967443922552e-17
0.66900000000000004	3.0769568119475893e-17
0.67000000000000004	3.077946179972626e-17
0.67100000000000004	3.0789355479976627e-17
0.67200000000000004	3.0799249160226994e-17
0.67300000000000004	3.0809142840477361e-17
0.67400000000000004	3.0819036520727734e-17
0.67500000000000004	3.0828930200978101e-17
0.67600000000000005	3.0838823881228467e-17
0.67700000000000005	3.0848717561478841e-17
0.67800000000000005	3.0858611241729207e-17
0.67900000000000005	3.086850492197958e-17
0.68000000000000005	3.0878398602229947e-17
0.68100000000000005	3.0888126232683098e-17
0.68200000000000005	3.0897853863136248e-17
0.68300000000000005	3.0907581493589398e-17
0.68400000000000005	3.0917309124042555e-17
0.68500000000000005	3.0927036754495705e-17
0.68600000000000005	3.0936764384948855e-17
0.68700000000000006	3.0946492015402006e-17
0.68799999999999994	3.0956219645855156e-17
0.68899999999999995	3.0965947276308306e-17
0.68999999999999995	3.0975674906761463e-17
0.69099999999999995	3.0985402537214613e-17
0.69199999999999995	3.0995130167667763e-17
0.69299999999999995	3.1004857798120913e-17
0.69399999999999995	3.101458542857407e-17
0.69499999999999995	3.102431305902722e-17
0.69599999999999995	3.1034040689480371e-17
0.69699999999999995	3.1043768319933527e-17
0.69799999999999995	3.1053495950386671e-17
0.69899999999999995	3.1063223580839828e-17
0.69999999999999996	3.1072951211292978e-17
0.70099999999999996	3.1082521588464167e-17
0.70199999999999996	3.109209196563535e-17
0.70299999999999996	3.110166234280654e-17
0.70399999999999996	3.1111232719977729e-17
0.70499999999999996	3.1120803097148919e-17
0.70599999999999996	3.1130373474320102e-17
0.70699999999999996	3.1139943851491291e-17
0.70799999999999996	3.1149514228662481e-17
0.70899999999999996	3.1159084605833664e-17
0.70999999999999996	3.1168654983004853e-17
0.71099999999999997	3.1178225360176042e-17
0.71199999999999997	3.1187795737347232e-17
0.71299999999999997	3.1197366114518415e-17
0.71399999999999997	3.1206936491689604e-17
0.71499999999999997	3.1216506868860794e-17
0.71599999999999997	3.1226077246031983e-17
0.71699999999999997	3.1235647623203166e-17
0.71799999999999997	3.1245218000374356e-17
0.71899999999999997	3.1254788377545545e-17
0.71999999999999997	3.1264358754716728e-17
0.72099999999999997	3.1273780250476136e-17
0.72199999999999998	3.1283201746235544e-17
0.72299999999999998	3.1292623241994952e-17
0.72399999999999998	3.1302044737754365e-17
0.72499999999999998	3.1311466233513773e-17
0.72599999999999998	3.1320887729273181e-17
0.72699999999999998	3.1330309225032589e-17
0.72799999999999998	3.1339730720791996e-17
0.72899999999999998	3.1349152216551404e-17
0.72999999999999998	3.1358573712310812e-17
0.73099999999999998	3.136799520807022e-17
0.73199999999999998	3.1377416703829627e-17
0.73299999999999998	3.1386838199589035e-17
0.73399999999999999	3.1396259695348449e-17
0.73499999999999999	3.1405681191107857e-17
0.73599999999999999	3.1415102686867264e-17
0.73699999999999999	3.1424524182626672e-17
0.73799999999999999	3.1433945678386074e-17
0.73899999999999999	3.1443367174145488e-17
0.73999999999999999	3.1452788669904895e-17
0.74099999999999999	3.1462069727808309e-17
0.74199999999999999	3.1471350785711717e-17
0.74299999999999999	3.1480631843615131e-17
0.74399999999999999	3.1489912901518539e-17
0.745	3.1499193959421953e-17
0.746	3.1508475017325367e-17
0.747	3.1517756075228781e-17
0.748	3.1527037133132188e-17
0.749	3.1536318191035602e-17
0.75	3.154559924893901e-17
0.751	3.1554880306842424e-17
0.752	3.1564161364745838e-17
0.753	3.1573442422649252e-17
0.754	3.158272348055266e-17
0.755	3.1592004538456074e-17
0.75600000000000001	3.1601285596359488e-17
0.75700000000000001	3.1610566654262895e-17
0.75800000000000001	3.1619847712166309e-17
0.75900000000000001	3.1629128770069723e-17
0.76000000000000001	3.1638409827973131e-17
0.76100000000000001	3.1647557877438071e-17
0.76200000000000001	3.165670592690301e-17
0.76300000000000001	3.1665853976367944e-17
0.76400000000000001	3.1675002025832884e-17
0.76500000000000001	3.1684150075297824e-17
0.76600000000000001	3.1693298124762757e-17
0.76700000000000002	3.1702446174227697e-17
0.76800000000000002	3.1711594223692637e-17
0.76900000000000002	3.1720742273157577e-17
0.77000000000000002	3.172989032262251e-17
0.77100000000000002	3.173903837208745e-17
0.77200000000000002	3.174818642155239e-17
0.77300000000000002	3.175733447101733e-17
0.77400000000000002	3.1766482520482263e-17
0.77500000000000002	3.1775630569947197e-17
0.77600000000000002	3.1784778619412137e-17
0.77700000000000002	3.1793926668877076e-17
0.77800000000000002	3.1803074718342016e-17
0.77900000000000003	3.181222276780695e-17
0.78000000000000003	3.1821370817271889e-17
0.78100000000000003	3.1830379089552608e-17
0.78200000000000003	3.183938736183332e-17
0.78300000000000003	3.1848395634114038e-17
0.78400000000000003	3.185740390639475e-17
0.78500000000000003	3.1866412178675469e-17
0.78600000000000003	3.1875420450956181e-17
0.78700000000000003	3.1884428723236893e-17
0.78800000000000003	3.1893436995517611e-17
0.78900000000000003	3.1902445267798323e-17
0.79000000000000004	3.1911453540079035e-17
0.79100000000000004	3.1920461812359754e-17
0.79200000000000004	3.1929470084640472e-17
0.79300000000000004	3.1938478356921184e-17
0.79400000000000004	3.1947486629201903e-17
0.79500000000000004	3.1956494901482615e-17
0.79600000000000004	3.1965503173763327e-17
0.79700000000000004	3.1974511446044045e-17
0.79800000000000004	3.1983519718324757e-17
0.79900000000000004	3.1992527990605469e-17
0.80000000000000004	3.2001536262886188e-17
0.80100000000000005	3.2010361897233204e-17
0.80200000000000005	3.2019187531580215e-17
0.80300000000000005	3.2028013165927232e-17
0.80400000000000005	3.2036838800274242e-17
0.80500000000000005	3.2045664434621265e-17
0.80600000000000005	3.2054490068968276e-17
0.80700000000000005	3.2063315703315292e-17
0.80800000000000005	3.2072141337662303e-17
0.80900000000000005	3.208096697200932e-17
0.81000000000000005	3.208979260635633e-17
0.81100000000000005	3.2098618240703347e-17
0.81200000000000006	3.2107443875050358e-17
0.81299999999999994	3.2116269509397374e-17
0.81399999999999995	3.2125095143744391e-17
0.81499999999999995	3.2133920778091402e-17
0.81599999999999995	3.2142746412438418e-17
0.81699999999999995	3.2151572046785435e-17
0.81799999999999995	3.2160397681132446e-17
0.81899999999999995	3.2169223315479462e-17
0.81999999999999995	3.2178048949826479e-17
0.82099999999999995	3.2186772253898713e-17
0.82199999999999995	3.2195495557970947e-17
0.82299999999999995	3.2204218862043187e-17
0.82399999999999995	3.2212942166115421e-17
0.82499999999999996	3.2221665470187661e-17
0.82599999999999996	3.2230388774259901e-17
0.82699999999999996	3.2239112078332135e-17
0.82799999999999996	3.2247835382404368e-17
0.82899999999999996	3.2256558686476608e-17
0.82999999999999996	3.2265281990548842e-17
0.83099999999999996	3.2274005294621076e-17
0.83199999999999996	3.2282728598693316e-17
0.83299999999999996	3.2291451902765556e-17
0.83399999999999996	3.230017520683779e-17
0.83499999999999996	3.230889851091003e-17
0.83599999999999997	3.2317621814982264e-17
0.83699999999999997	3.2326345119054504e-17
0.83799999999999997	3.2335068423126738e-17
0.83899999999999997	3.2343791727198972e-17
0.83999999999999997	3.2352515031271212e-17
0.84099999999999997	3.236135401189286e-17
0.84199999999999997	3.2370192992514507e-17
0.84299999999999997	3.2379031973136155e-17
0.84399999999999997	3.2387870953757803e-17
0.84499999999999997	3.2396709934379445e-17
0.84599999999999997	3.2405548915001099e-17
0.84699999999999998	3.2414387895622746e-17
0.84799999999999998	3.2423226876244394e-17
0.84899999999999998	3.2432065856866042e-17
0.84999999999999998	3.2440904837487684e-17
0.85099999999999998	3.2449743818109337e-17
0.85199999999999998	3.2458582798730985e-17
0.85299999999999998	3.2467421779352627e-17
0.85399999999999998	3.2476260759974281e-17
0.85499999999999998	3.2485099740595922e-17
0.85599999999999998	3.249393872121757e-17
0.85699999999999998	3.2502777701839218e-17
0.85799999999999998	3.2511616682460866e-17
0.85899999999999999	3.2520455663082514e-17
0.85999999999999999	3.2529294643704161e-17
0.86099999999999999	3.253846236551871e-17
0.86199999999999999	3.2547630087333258e-17
0.86299999999999999	3.2556797809147812e-17
0.86399999999999999	3.256596553096236e-17
0.86499999999999999	3.2575133252776909e-17
0.86599999999999999	3.2584300974591457e-17
0.86699999999999999	3.2593468696406011e-17
0.86799999999999999	3.2602636418220553e-17
0.86899999999999999	3.2611804140035108e-17
0.87	3.2620971861849656e-17
0.871	3.263013958366421e-17
0.872	3.2639307305478752e-17
0.873	3.2648475027293307e-17
0.874	3.2657642749107855e-17
0.875	3.2666810470922403e-17
0.876	3.2675978192736952e-17
0.877	3.26851459145515e-17
0.878	3.2694313636366054e-17
0.879	3.2703481358180602e-17
0.88	3.2712649079995151e-17
0.88100000000000001	3.2722175668310197e-17
0.88200000000000001	3.2731702256625249e-17
0.88300000000000001	3.2741228844940295e-17
0.88400000000000001	3.2750755433255341e-17
0.88500000000000001	3.2760282021570387e-17
0.88600000000000001	3.2769808609885433e-17
0.88700000000000001	3.2779335198200479e-17
0.88800000000000001	3.2788861786515525e-17
0.88900000000000001	3.2798388374830577e-17
0.89000000000000001	3.2807914963145623e-17
0.89100000000000001	3.2817441551460669e-17
0.89200000000000002	3.2826968139775721e-17
0.89300000000000002	3.2836494728090767e-17
0.89400000000000002	3.2846021316405813e-17
0.89500000000000002	3.2855547904720859e-17
0.89600000000000002	3.2865074493035905e-17
0.89700000000000002	3.2874601081350951e-17
0.89800000000000002	3.2884127669665997e-17
0.89900000000000002	3.289365425798105e-17
0.90000000000000002	3.2903180846296096e-17
0.90100000000000002	3.2912861258027372e-17
0.90200000000000002	3.2922541669758655e-17
0.90300000000000002	3.2932222081489932e-17
0.90400000000000003	3.2941902493221209e-17
0.90500000000000003	3.2951582904952485e-17
0.90600000000000003	3.2961263316683768e-17
0.90700000000000003	3.2970943728415051e-17
0.90800000000000003	3.2980624140146328e-17
0.90900000000000003	3.2990304551877605e-17
0.91000000000000003	3.2999984963608888e-17
0.91100000000000003	3.3009665375340165e-17
0.91200000000000003	3.3019345787071441e-17
0.91300000000000003	3.3029026198802724e-17
0.91400000000000003	3.3038706610534001e-17
0.91500000000000004	3.3048387022265278e-17
0.91600000000000004	3.3058067433996561e-17
0.91700000000000004	3.3067747845727837e-17
0.91800000000000004	3.307742825745912e-17
0.91900000000000004	3.3087108669190397e-17
0.92000000000000004	3.309678908092168e-17
0.92100000000000004	3.3106660555675829e-17
0.92200000000000004	3.3116532030429977e-17
0.92300000000000004	3.312640350518412e-17
0.92400000000000004	3.3136274979938269e-17
0.92500000000000004	3.3146146454692417e-17
0.92600000000000005	3.3156017929446566e-17
0.92700000000000005	3.3165889404200715e-17
0.92800000000000005	3.3175760878954863e-17
0.92900000000000005	3.3185632353709012e-17
0.93000000000000005	3.3195503828463161e-17
0.93100000000000005	3.3205375303217309e-17
0.93200000000000005	3.3215246777971458e-17
0.93300000000000005	3.3225118252725607e-17
0.93400000000000005	3.3234989727479749e-17
0.93500000000000005	3.3244861202233898e-17
0.93600000000000005	3.3254732676988046e-17
0.93700000000000006	3.3264604151742195e-17
0.93799999999999994	3.3274475626496344e-17
0.93899999999999995	3.3284347101250492e-17
0.93999999999999995	3.3294218576004641e-17
0.94099999999999995	3.3304603274723424e-17
0.94199999999999995	3.3314987973442207e-17
0.94299999999999995	3.332537267216099e-17
0.94399999999999995	3.3335757370879773e-17
0.94499999999999995	3.3346142069598556e-17
0.94599999999999995	3.335652676831734e-17
0.94699999999999995	3.3366911467036129e-17
0.94799999999999995	3.3377296165754912e-17
0.94899999999999995	3.3387680864473695e-17
0.94999999999999996	3.3398065563192478e-17
0.95099999999999996	3.3408450261911267e-17
0.95199999999999996	3.341883496063005e-17
0.95299999999999996	3.3429219659348833e-17
0.95399999999999996	3.3439604358067616e-17
0.95499999999999996	3.3449989056786406e-17
0.95599999999999996	3.3460373755505189e-17
0.95699999999999996	3.3470758454223972e-17
0.95799999999999996	3.3481143152942755e-17
0.95899999999999996	3.3491527851661538e-17
0.95999999999999996	3.3501912550380321e-17
0.96099999999999997	3.3513430195909988e-17
0.96199999999999997	3.3524947841439649e-17
0.96299999999999997	3.353646548696931e-17
0.96399999999999997	3.3547983132498977e-17
0.96499999999999997	3.3559500778028644e-17
0.96599999999999997	3.3571018423558305e-17
0.96699999999999997	3.3582536069087972e-17
0.96799999999999997	3.3594053714617633e-17
0.96899999999999997	3.36055713601473e-17
0.96999999999999997	3.3617089005676961e-17
0.97099999999999997	3.3628606651206628e-17
0.97199999999999998	3.3640124296736289e-17
0.97299999999999998	3.365164194226595e-17
0.97399999999999998	3.3663159587795617e-17
0.97499999999999998	3.3674677233325284e-17
0.97599999999999998	3.3686194878854945e-17
0.97699999999999998	3.3697712524384612e-17
0.97799999999999998	3.3709230169914273e-17
0.97899999999999998	3.372074781544394e-17
0.97999999999999998	3.3732265460973601e-17
0.98099999999999998	3.3745119788193032e-17
0.98199999999999998	3.3757974115412463e-17
0.98299999999999998	3.3770828442631895e-17
0.98399999999999999	3.3783682769851326e-17
0.98499999999999999	3.3796537097070757e-17
0.98599999999999999	3.3809391424290189e-17
0.98699999999999999	3.382224575150962e-17
0.98799999999999999	3.3835100078729051e-17
0.98899999999999999	3.3847954405948483e-17
0.98999999999999999	3.3860808733167914e-17
0.99099999999999999	3.3873663060387339e-17
0.99199999999999999	3.3886517387606777e-17
0.99299999999999999	3.3899371714826208e-17
0.99399999999999999	3.3912226042045633e-17
0.995	3.3925080369265064e-17
0.996	3.3937934696484502e-17
0.997	3.3950789023703927e-17
0.998	3.3963643350923358e-17
0.999	3.397649767814279e-17
1	3.3989352005362221e-17
1.1000000000000001	3.5592924735431275e-17
1.2	3.7600343577047747e-17
1.3	4.0010574676597194e-17
1.3999999999999999	4.3022323548363555e-17
1.5	4.6500136245887376e-17
1.6000000000000001	5.0339206560379391e-17
1.7	5.452069120963251e-17
1.8	5.9191650721387702e-17
1.8999999999999999	6.4480409177981289e-17
2	6.9951067737437962e-17
2.1000000000000001	7.5695979754050031e-17
2.2000000000000002	8.2014269404862165e-17
2.2999999999999998	8.9307643697643889e-17
2.3999999999999999	9.8019395041442609e-17
2.5	1.0850796029809969e-16
2.6000000000000001	1.2102462118552585e-16
2.7000000000000002	1.3576370350055751e-16
2.7999999999999998	1.5302822261665598e-16
2.8999999999999999	1.7339251034510573e-16
3	1.9768831105836039e-16
3.1000000000000001	2.2690013846445826e-16
3.2000000000000002	2.6187708913451788e-16
3.2999999999999998	3.0302440883306684e-16
3.3999999999999999	3.499706677610408e-16
3.5	4.0152136088786972e-16
3.6000000000000001	4.5576625070319524e-16
3.7000000000000002	5.1029718281201455e-16
3.7999999999999998	5.6260739310350094e-16
3.8999999999999999	6.1046814054664617e-16
4	6.5221112577478979e-16
4.0999999999999996	6.8688109724933652e-16
4.2000000000000002	7.1998894269152338e-16
4.2999999999999998	7.5919537473395028e-16
4.4000000000000004	7.9377247030510884e-16
4.5	8.2080151629858907e-16
4.5999999999999996	8.4354232727621581e-16
4.7000000000000002	8.6090647233791725e-16
4.7999999999999998	8.7577521760208509e-16
4.9000000000000004	8.8790717311103636e-16
5	8.9738596187260148e-16
5.0999999999999996	9.0736542525813957e-16
5.2000000000000002	9.157175929571203e-16
5.2999999999999998	9.2409456592534583e-16
5.4000000000000004	9.3063399646265419e-16
5.5	9.3713286768546374e-16
5.5999999999999996	9.4246557950715335e-16
5.7000000000000002	9.4832043404820255e-16
5.7999999999999998	9.529183629053059e-16
5.9000000000000004	9.5724784291892648e-16
6	9.6129701614756819e-16
6.0999999999999996	9.6360550355472233e-16
6.2000000000000002	9.6653977057487663e-16
6.2999999999999998	9.6900983481639871e-16
6.4000000000000004	9.7215716981839527e-16
6.5	9.7444647161264442e-16
6.5999999999999996	9.7725878610990861e-16
6.7000000000000002	9.810841600940263e-16
6.7999999999999998	9.8474979133113229e-16
6.9000000000000004	9.8984629742600463e-16
7	9.957869355740254e-16
7.0999999999999996	1.0027413340051128e-15
7.2000000000000002	1.0118509466815179e-15
7.2999999999999998	1.0177668135143775e-15
7.4000000000000004	1.0267161846731307e-15
7.5	1.0387272727215505e-15
7.5999999999999996	1.0504502761716256e-15
7.7000000000000002	1.0619801324404829e-15
7.7999999999999998	1.0733705728583616e-15
7.9000000000000004	1.084684188723567e-15
8	1.0959754435792557e-15
8.0999999999999996	1.1072918442765571e-15
8.1999999999999993	1.118677442288542e-15
8.3000000000000007	1.1301654115385985e-15
8.4000000000000004	1.1417821915624652e-15
8.5	1.1535480484805984e-15
8.5999999999999996	1.1654826644042352e-15
8.6999999999999993	1.1776053896748241e-15
8.8000000000000007	1.18197213337007e-15
8.9000000000000004	1.193658562478855e-15
9	1.206535332184875e-15
9.0999999999999996	1.2197071189517091e-15
9.1999999999999993	1.2332077587178926e-15
9.3000000000000007	1.2409755529520016e-15
9.4000000000000004	1.2525652054612965e-15
9.5	1.2624793083589233e-15
9.5999999999999996	1.273571592528699e-15
9.6999999999999993	1.2859928081735153e-15
9.8000000000000007	1.2941401603492726e-15
9.9000000000000004	1.3027817286456153e-15
10	1.3119077602985192e-15
10.5	1.3534751110300709e-15
11	1.389070690189283e-15
11.5	1.4144493229255874e-15
12	1.4425491241217551e-15
12.5	1.4660349970269471e-15
13	1.4836408514958075e-15
13.5	1.4913902924854675e-15
14	1.494621516968571e-15
14.5	1.4914242909915235e-15
15	1.4800109961367882e-15
15.5	1.466566811625303e-15
16	1.4382856870507709e-15
16.5	1.4065863977408376e-15
17	1.3724119311506209e-15
17.5	1.3305828398462959e-15
18	1.280356830716278e-15
18.5	1.2347614008745792e-15
19	1.1824709772379961e-15
19.5	1.1366489644649936e-15
20	1.0950397426329363e-15
20.5	1.0617238731688514e-15
21	1.0273578543531147e-15
21.5	1.0014441268933358e-15
22	9.7762759668678431e-16
22.5	9.6387445646191684e-16
23	9.5071909374811774e-16
23.5	9.3977114621499812e-16
24	9.3166076981158796e-16
24.5	9.2458947578594172e-16
25	9.1931433462426432e-16
25.5	9.1471255161789116e-16
26	9.106787550540329e-16
26.5	9.0680071146442968e-16
27	9.0321471511660279e-16
27.5	8.9988750598372885e-16
28	8.9684517316786862e-16
28.5	8.9364905943671072e-16
29	8.8979112448242126e-16
29.5	8.856384869939769e-16
30	8.8165616740889565e-16
30.5	8.7721857080180349e-16
31	8.7207515392936355e-16
31.5	8.6769096450857094e-16
32	8.6203108425482663e-16
32.5	8.5673987332926095e-16
33	8.5090552313464646e-16
33.5	8.4440273152364084e-16
34	8.3835212029242001e-16
34.5	8.316301334351479e-16
35	8.2540963675852351e-16
35.5	8.1803176420204164e-16
36	8.116052932251557e-16
36.5	8.0475195285836507e-16
37	7.9789663418697828e-16
37.5	7.9166912919218401e-16
38	7.8552073125701471e-16
38.5	7.7845424859144249e-16
39	7.7246655984295893e-16
39.5	7.6655250592431961e-16
40	7.6071038172454561e-16
40.5	7.5493875037668397e-16
41	7.4868630971625829e-16
41.5	7.4261294550977435e-16
42	7.3704589978565413e-16
42.5	7.315435391496328e-16
43	7.2610453676277544e-16
43.5	7.2072747167233733e-16
44	7.1541106151467144e-16
44.5	7.1080896468104529e-16
45	7.0592956387365128e-16
45.5	7.0078553690850944e-16
46	6.9569713048892462e-16
46.5	6.9066313677835645e-16
47	6.8608667270678646e-16
47.5	6.8171858704306861e-16
48	6.7683902218148986e-16
48.5	6.720093669471122e-16
49	6.6726588600555838e-16
49.5	6.6337985500977593e-16
50	6.5877304496663818e-16
