//1	2	0	1	1	0	0.0	0
//Energy[eV]	XS[cm2]
0.00	2.94408E-17
0.01	2.94408E-17
0.02	2.89406E-17
0.04	2.8726E-17
0.06	2.85773E-17
0.08	2.84555E-17
0.1	2.83733E-17
0.12	2.83197E-17
0.14	2.82879E-17
0.16	2.82673E-17
0.18	2.82532E-17
0.2	2.82431E-17
0.22	2.82356E-17
0.24	2.82299E-17
0.26	2.82255E-17
0.28	2.8222E-17
0.3	2.82191E-17
0.32	2.82168E-17
0.34	2.82139E-17
0.36	2.82092E-17
0.38	2.82151E-17
0.4	2.82513E-17
0.42	2.83518E-17
0.44	2.85201E-17
0.46	2.87097E-17
0.48	2.88959E-17
0.5	2.90789E-17
0.52	2.92643E-17
0.54	2.94655E-17
0.56	2.96834E-17
0.58	2.99038E-17
0.6	3.01185E-17
0.62	3.03279E-17
0.64	3.05333E-17
0.66	3.0735E-17
0.68	3.09332E-17
0.7	3.11281E-17
0.72	3.13199E-17
0.74	3.15086E-17
0.76	3.16946E-17
0.78	3.18779E-17
0.8	3.20584E-17
0.82	3.22352E-17
0.84	3.241E-17
0.86	3.25871E-17
0.88	3.27708E-17
0.9	3.29616E-17
0.92	3.31555E-17
0.94	3.33532E-17
0.96	3.35612E-17
0.98	3.3792E-17
1	3.40497E-17
1.02	3.43333E-17
1.04	3.46381E-17
1.06	3.49619E-17
1.08	3.53028E-17
1.1	3.56588E-17
1.12	3.60294E-17
1.14	3.64155E-17
1.16	3.68188E-17
1.18	3.7239E-17
1.2	3.76741E-17
1.22	3.812E-17
1.24	3.85784E-17
1.26	3.90541E-17
1.28	3.95577E-17
1.3	4.0092E-17
1.32	4.06559E-17
1.34	4.12423E-17
1.36	4.18471E-17
1.38	4.2469E-17
1.4	4.31083E-17
1.42	4.37658E-17
1.44	4.44415E-17
1.46	4.51357E-17
1.48	4.58498E-17
1.5	4.65827E-17
1.52	4.73321E-17
1.54	4.80917E-17
1.56	4.88568E-17
1.58	4.96277E-17
1.6	5.04071E-17
1.62	5.12028E-17
1.64	5.20176E-17
1.66	5.28525E-17
1.68	5.37046E-17
1.7	5.45696E-17
1.72	5.54491E-17
1.74	5.63463E-17
1.76	5.72719E-17
1.78	5.82335E-17
1.8	5.92308E-17
1.82	6.02606E-17
1.84	6.13116E-17
1.86	6.23767E-17
1.88	6.34525E-17
1.9	6.45369E-17
1.92	6.56285E-17
1.94	6.67272E-17
1.96	6.78335E-17
1.98	6.89486E-17
2	7.00753E-17
2.02	7.12161E-17
2.04	7.23729E-17
2.06	7.35478E-17
2.08	7.47431E-17
2.1	7.5961E-17
2.12	7.72042E-17
2.14	7.84756E-17
2.16	7.97782E-17
2.18	8.1115E-17
2.2	8.24893E-17
2.22	8.39045E-17
2.24	8.53644E-17
2.26	8.68728E-17
2.28	8.8433E-17
2.3	9.00483E-17
2.32	9.17221E-17
2.34	9.34577E-17
2.36	9.52581E-17
2.38	9.71258E-17
2.4	9.90632E-17
2.42	1.01072E-16
2.44	1.03156E-16
2.46	1.05314E-16
2.48	1.0755E-16
2.5	1.09865E-16
2.52	1.12259E-16
2.54	1.14735E-16
2.56	1.17293E-16
2.58	1.19934E-16
2.6	1.22658E-16
2.62	1.25467E-16
2.64	1.2836E-16
2.66	1.31341E-16
2.68	1.34409E-16
2.7	1.37567E-16
2.72	1.40816E-16
2.74	1.44159E-16
2.76	1.47599E-16
2.78	1.51141E-16
2.8	1.54787E-16
2.82	1.58541E-16
2.84	1.62409E-16
2.86	1.66395E-16
2.88	1.70504E-16
2.9	1.74741E-16
2.92	1.79111E-16
2.94	1.8362E-16
2.96	1.88274E-16
2.98	1.93078E-16
3	1.98039E-16
3.02	2.03162E-16
3.04	2.08454E-16
3.06	2.13922E-16
3.08	2.19575E-16
3.1	2.2542E-16
3.12	2.31464E-16
3.14	2.37712E-16
3.16	2.4417E-16
3.18	2.50845E-16
3.2	2.57741E-16
3.22	2.64864E-16
3.24	2.72213E-16
3.26	2.79792E-16
3.28	2.87602E-16
3.3	2.95643E-16
3.32	3.03915E-16
3.34	3.12416E-16
3.36	3.21145E-16
3.38	3.30099E-16
3.4	3.39277E-16
3.42	3.48675E-16
3.44	3.58288E-16
3.46	3.68115E-16
3.48	3.78149E-16
3.5	3.88387E-16
3.52	3.98825E-16
3.54	4.09457E-16
3.56	4.2028E-16
3.58	4.31289E-16
3.6	4.42479E-16
3.62	4.53845E-16
3.64	4.65382E-16
3.66	4.77089E-16
3.68	4.88963E-16
3.7	5.01002E-16
3.72	5.13202E-16
3.74	5.25562E-16
3.76	5.38083E-16
3.78	5.50764E-16
3.8	5.63607E-16
3.82	5.76606E-16
3.84	5.89735E-16
3.86	6.02958E-16
3.88	6.16241E-16
3.9	6.29548E-16
3.92	6.42841E-16
3.94	6.56081E-16
3.96	6.69226E-16
3.98	6.82237E-16
4	6.95074E-16
4.02	7.077E-16
4.04	7.20099E-16
4.06	7.32262E-16
4.08	7.4418E-16
4.1	7.55846E-16
4.12	7.67255E-16
4.14	7.784E-16
4.16	7.8928E-16
4.18	7.9989E-16
4.2	8.1023E-16
4.22	8.20298E-16
4.24	8.30095E-16
4.26	8.39622E-16
4.28	8.48883E-16
4.3	8.5788E-16
4.32	8.66617E-16
4.34	8.75098E-16
4.36	8.83328E-16
4.38	8.91311E-16
4.4	8.99054E-16
4.42	9.06562E-16
4.44	9.13843E-16
4.46	9.20901E-16
4.48	9.27744E-16
4.5	9.34376E-16
4.52	9.40806E-16
4.54	9.4704E-16
4.56	9.53085E-16
4.58	9.58946E-16
4.6	9.64631E-16
4.62	9.70145E-16
4.64	9.75494E-16
4.66	9.80686E-16
4.68	9.85726E-16
4.7	9.90618E-16
4.72	9.9537E-16
4.74	9.99985E-16
4.76	1.00447E-15
4.78	1.00882E-15
4.8	1.01306E-15
4.82	1.01717E-15
4.84	1.02117E-15
4.86	1.02506E-15
4.88	1.02884E-15
4.9	1.03252E-15
4.92	1.03609E-15
4.94	1.03957E-15
4.96	1.04295E-15
4.98	1.04624E-15
5	1.04944E-15
5.02	1.05255E-15
5.04	1.05557E-15
5.06	1.05852E-15
5.08	1.06138E-15
5.1	1.06416E-15
5.12	1.06686E-15
5.14	1.06949E-15
5.16	1.07204E-15
5.18	1.07452E-15
5.2	1.07694E-15
5.22	1.07928E-15
5.24	1.08156E-15
5.26	1.08377E-15
5.28	1.08592E-15
5.3	1.08801E-15
5.32	1.09004E-15
5.34	1.09202E-15
5.36	1.09394E-15
5.38	1.09581E-15
5.4	1.09762E-15
5.42	1.09939E-15
5.44	1.10111E-15
5.46	1.10278E-15
5.48	1.10442E-15
5.5	1.10601E-15
5.52	1.10756E-15
5.54	1.10907E-15
5.56	1.11055E-15
5.58	1.11199E-15
5.6	1.1134E-15
5.62	1.11478E-15
5.64	1.11612E-15
5.66	1.11744E-15
5.68	1.11874E-15
5.7	1.12E-15
5.72	1.12124E-15
5.74	1.12246E-15
5.76	1.12366E-15
5.78	1.12483E-15
5.8	1.12599E-15
5.82	1.12712E-15
5.84	1.12824E-15
5.86	1.12933E-15
5.88	1.13041E-15
5.9	1.13147E-15
5.92	1.13252E-15
5.94	1.13354E-15
5.96	1.13456E-15
5.98	1.13555E-15
6	1.13654E-15
6.02	1.1375E-15
6.04	1.13846E-15
6.06	1.1394E-15
6.08	1.14033E-15
6.1	1.14124E-15
6.12	1.14215E-15
6.14	1.14304E-15
6.16	1.14393E-15
6.18	1.1448E-15
6.2	1.14567E-15
6.22	1.14653E-15
6.24	1.14738E-15
6.26	1.14823E-15
6.28	1.14906E-15
6.3	1.1499E-15
6.32	1.15073E-15
6.34	1.15155E-15
6.36	1.15238E-15
6.38	1.1532E-15
6.4	1.15402E-15
6.42	1.15483E-15
6.44	1.15565E-15
6.46	1.15647E-15
6.48	1.1573E-15
6.5	1.15812E-15
6.52	1.15895E-15
6.54	1.15979E-15
6.56	1.16063E-15
6.58	1.16147E-15
6.6	1.16233E-15
6.62	1.16319E-15
6.64	1.16406E-15
6.66	1.16494E-15
6.68	1.16583E-15
6.7	1.16673E-15
6.72	1.16765E-15
6.74	1.16858E-15
6.76	1.16952E-15
6.78	1.17048E-15
6.8	1.17145E-15
6.82	1.17243E-15
6.84	1.17344E-15
6.86	1.17446E-15
6.88	1.1755E-15
6.9	1.17656E-15
6.92	1.17763E-15
6.94	1.17873E-15
6.96	1.17984E-15
6.98	1.18098E-15
7	1.18214E-15
7.02	1.18331E-15
7.04	1.18451E-15
7.06	1.18573E-15
7.08	1.18696E-15
7.1	1.18821E-15
7.12	1.18948E-15
7.14	1.19076E-15
7.16	1.19205E-15
7.18	1.19335E-15
7.2	1.19467E-15
7.22	1.19599E-15
7.24	1.19732E-15
7.26	1.19865E-15
7.28	1.19999E-15
7.3	1.20134E-15
7.32	1.20269E-15
7.34	1.20404E-15
7.36	1.20539E-15
7.38	1.20674E-15
7.4	1.20808E-15
7.42	1.20943E-15
7.44	1.21077E-15
7.46	1.21211E-15
7.48	1.21344E-15
7.5	1.21477E-15
7.52	1.21609E-15
7.54	1.2174E-15
7.56	1.2187E-15
7.58	1.21999E-15
7.6	1.22127E-15
7.62	1.22254E-15
7.64	1.22379E-15
7.66	1.22504E-15
7.68	1.22626E-15
7.7	1.22748E-15
7.72	1.22867E-15
7.74	1.22986E-15
7.76	1.23102E-15
7.78	1.23216E-15
7.8	1.23329E-15
7.82	1.2344E-15
7.84	1.23549E-15
7.86	1.23655E-15
7.88	1.2376E-15
7.9	1.23862E-15
7.92	1.23962E-15
7.94	1.2406E-15
7.96	1.24155E-15
7.98	1.24247E-15
8	1.24337E-15
8.02	1.24425E-15
8.04	1.24509E-15
8.06	1.24591E-15
8.08	1.24671E-15
8.1	1.24748E-15
8.12	1.24823E-15
8.14	1.24896E-15
8.16	1.24967E-15
8.18	1.25036E-15
8.2	1.25103E-15
8.22	1.25168E-15
8.24	1.25231E-15
8.26	1.25293E-15
8.28	1.25353E-15
8.3	1.25411E-15
8.32	1.25468E-15
8.34	1.25523E-15
8.36	1.25577E-15
8.38	1.2563E-15
8.4	1.25682E-15
8.42	1.25732E-15
8.44	1.25781E-15
8.46	1.2583E-15
8.48	1.25877E-15
8.5	1.25923E-15
8.52	1.25969E-15
8.54	1.26013E-15
8.56	1.26057E-15
8.58	1.261E-15
8.6	1.26143E-15
8.62	1.26185E-15
8.64	1.26226E-15
8.66	1.26267E-15
8.68	1.26308E-15
8.7	1.26348E-15
8.72	1.26388E-15
8.74	1.26428E-15
8.76	1.26467E-15
8.78	1.26507E-15
8.8	1.26546E-15
8.82	1.26586E-15
8.84	1.26625E-15
8.86	1.26665E-15
8.88	1.26705E-15
8.9	1.26745E-15
8.92	1.26786E-15
8.94	1.26827E-15
8.96	1.26869E-15
8.98	1.26911E-15
9	1.26953E-15
9.02	1.26997E-15
9.04	1.27041E-15
9.06	1.27086E-15
9.08	1.27131E-15
9.1	1.27178E-15
9.12	1.27226E-15
9.14	1.27274E-15
9.16	1.27324E-15
9.18	1.27375E-15
9.2	1.27427E-15
9.22	1.2748E-15
9.24	1.27535E-15
9.26	1.27591E-15
9.28	1.27649E-15
9.3	1.27708E-15
9.32	1.27769E-15
9.34	1.27831E-15
9.36	1.27895E-15
9.38	1.27961E-15
9.4	1.28028E-15
9.42	1.28097E-15
9.44	1.28169E-15
9.46	1.28242E-15
9.48	1.28317E-15
9.5	1.28394E-15
9.52	1.28473E-15
9.54	1.28554E-15
9.56	1.28637E-15
9.58	1.28722E-15
9.6	1.28809E-15
9.62	1.28899E-15
9.64	1.2899E-15
9.66	1.29083E-15
9.68	1.29178E-15
9.7	1.29274E-15
9.72	1.29373E-15
9.74	1.29474E-15
9.76	1.29576E-15
9.78	1.2968E-15
9.8	1.29786E-15
9.82	1.29894E-15
9.84	1.30003E-15
9.86	1.30114E-15
9.88	1.30227E-15
9.9	1.30342E-15
9.92	1.30458E-15
9.94	1.30576E-15
9.96	1.30696E-15
9.98	1.30817E-15
10	1.30939E-15
10.02	1.31064E-15
10.04	1.31189E-15
10.06	1.31317E-15
10.08	1.31446E-15
10.1	1.31576E-15
10.12	1.31707E-15
10.14	1.31841E-15
10.16	1.31975E-15
10.18	1.32111E-15
10.2	1.32248E-15
10.22	1.32387E-15
10.24	1.32527E-15
10.26	1.32669E-15
10.28	1.32811E-15
10.3	1.32955E-15
10.32	1.33101E-15
10.34	1.33247E-15
10.36	1.33395E-15
10.38	1.33544E-15
10.4	1.33694E-15
10.42	1.33846E-15
10.44	1.33998E-15
10.46	1.34152E-15
10.48	1.34307E-15
10.5	1.34463E-15
10.52	1.3462E-15
10.54	1.34778E-15
10.56	1.34937E-15
10.58	1.35097E-15
10.6	1.35258E-15
10.62	1.3542E-15
10.64	1.35582E-15
10.66	1.35746E-15
10.68	1.35909E-15
10.7	1.36074E-15
10.72	1.36239E-15
10.74	1.36404E-15
10.76	1.3657E-15
10.78	1.36736E-15
10.8	1.36903E-15
10.82	1.3707E-15
10.84	1.37236E-15
10.86	1.37403E-15
10.88	1.3757E-15
10.9	1.37737E-15
10.92	1.37904E-15
10.94	1.38071E-15
10.96	1.38238E-15
10.98	1.38404E-15
11	1.38569E-15
11.02	1.38735E-15
11.04	1.389E-15
11.06	1.39064E-15
11.08	1.39227E-15
11.1	1.3939E-15
11.12	1.39552E-15
11.14	1.39713E-15
11.16	1.39873E-15
11.18	1.40032E-15
11.2	1.4019E-15
11.22	1.40347E-15
11.24	1.40502E-15
11.26	1.40656E-15
11.28	1.40809E-15
11.3	1.4096E-15
11.32	1.4111E-15
11.34	1.41257E-15
11.36	1.41403E-15
11.38	1.41548E-15
11.4	1.4169E-15
11.42	1.4183E-15
11.44	1.41968E-15
11.46	1.42104E-15
11.48	1.42238E-15
11.5	1.42369E-15
11.52	1.42498E-15
11.54	1.42625E-15
11.56	1.4275E-15
11.58	1.42872E-15
11.6	1.42993E-15
11.62	1.43112E-15
11.64	1.43229E-15
11.66	1.43345E-15
11.68	1.43459E-15
11.7	1.43572E-15
11.72	1.43684E-15
11.74	1.43795E-15
11.76	1.43905E-15
11.78	1.44014E-15
11.8	1.44122E-15
11.82	1.4423E-15
11.84	1.44338E-15
11.86	1.44446E-15
11.88	1.44553E-15
11.9	1.4466E-15
11.92	1.44768E-15
11.94	1.44876E-15
11.96	1.44985E-15
11.98	1.45094E-15
12	1.45204E-15
12.02	1.45315E-15
12.04	1.45427E-15
12.06	1.45539E-15
12.08	1.45653E-15
12.1	1.45767E-15
12.12	1.45882E-15
12.14	1.45998E-15
12.16	1.46114E-15
12.18	1.46231E-15
12.2	1.46348E-15
12.22	1.46466E-15
12.24	1.46585E-15
12.26	1.46704E-15
12.28	1.46823E-15
12.3	1.46943E-15
12.32	1.47063E-15
12.34	1.47184E-15
12.36	1.47304E-15
12.38	1.47425E-15
12.4	1.47546E-15
12.42	1.47667E-15
12.44	1.47789E-15
12.46	1.4791E-15
12.48	1.48032E-15
12.5	1.48153E-15
12.52	1.48274E-15
12.54	1.48396E-15
12.56	1.48517E-15
12.58	1.48638E-15
12.6	1.48759E-15
12.62	1.4888E-15
12.64	1.49001E-15
12.66	1.49121E-15
12.68	1.49241E-15
12.7	1.4936E-15
12.72	1.49479E-15
12.74	1.49598E-15
12.76	1.49716E-15
12.78	1.49833E-15
12.8	1.4995E-15
12.82	1.50067E-15
12.84	1.50182E-15
12.86	1.50297E-15
12.88	1.50412E-15
12.9	1.50525E-15
12.92	1.50638E-15
12.94	1.5075E-15
12.96	1.50861E-15
12.98	1.50971E-15
13	1.5108E-15
13.02	1.51188E-15
13.04	1.51295E-15
13.06	1.51401E-15
13.08	1.51506E-15
13.1	1.5161E-15
13.12	1.51712E-15
13.14	1.51814E-15
13.16	1.51914E-15
13.18	1.52013E-15
13.2	1.5211E-15
13.22	1.52207E-15
13.24	1.52302E-15
13.26	1.52395E-15
13.28	1.52487E-15
13.3	1.52578E-15
13.32	1.52667E-15
13.34	1.52755E-15
13.36	1.52841E-15
13.38	1.52926E-15
13.4	1.53009E-15
13.42	1.5309E-15
13.44	1.53169E-15
13.46	1.53247E-15
13.48	1.53323E-15
13.5	1.53398E-15
13.52	1.53471E-15
13.54	1.53542E-15
13.56	1.53611E-15
13.58	1.53678E-15
13.6	1.53744E-15
13.62	1.53807E-15
13.64	1.53869E-15
13.66	1.53929E-15
13.68	1.53986E-15
13.7	1.54042E-15
13.72	1.54096E-15
13.74	1.54147E-15
13.76	1.54197E-15
13.78	1.54244E-15
13.8	1.5429E-15
13.82	1.54333E-15
13.84	1.54373E-15
13.86	1.54412E-15
13.88	1.54448E-15
13.9	1.54482E-15
13.92	1.54514E-15
13.94	1.54543E-15
13.96	1.5457E-15
13.98	1.54594E-15
14	1.54616E-15
14.02	1.54635E-15
14.04	1.54652E-15
14.06	1.54667E-15
14.08	1.54679E-15
14.1	1.54689E-15
14.12	1.54696E-15
14.14	1.54701E-15
14.16	1.54703E-15
14.18	1.54703E-15
14.2	1.54701E-15
14.22	1.54696E-15
14.24	1.54689E-15
14.26	1.5468E-15
14.28	1.54668E-15
14.3	1.54654E-15
14.32	1.54638E-15
14.34	1.5462E-15
14.36	1.54599E-15
14.38	1.54576E-15
14.4	1.54551E-15
14.42	1.54523E-15
14.44	1.54494E-15
14.46	1.54462E-15
14.48	1.54428E-15
14.5	1.54391E-15
14.52	1.54353E-15
14.54	1.54312E-15
14.56	1.5427E-15
14.58	1.54225E-15
14.6	1.54178E-15
14.62	1.54129E-15
14.64	1.54078E-15
14.66	1.54025E-15
14.68	1.5397E-15
14.7	1.53913E-15
14.72	1.53854E-15
14.74	1.53793E-15
14.76	1.5373E-15
14.78	1.53665E-15
14.8	1.53598E-15
14.82	1.53529E-15
14.84	1.53458E-15
14.86	1.53386E-15
14.88	1.53311E-15
14.9	1.53235E-15
14.92	1.53157E-15
14.94	1.53077E-15
14.96	1.52995E-15
14.98	1.52911E-15
15	1.52826E-15
15.02	1.52739E-15
15.04	1.5265E-15
15.06	1.5256E-15
15.08	1.52467E-15
15.1	1.52374E-15
15.12	1.52278E-15
15.14	1.52181E-15
15.16	1.52083E-15
15.18	1.51982E-15
15.2	1.51881E-15
15.22	1.51777E-15
15.24	1.51672E-15
15.26	1.51566E-15
15.28	1.51458E-15
15.3	1.51349E-15
15.32	1.51239E-15
15.34	1.51127E-15
15.36	1.51013E-15
15.38	1.50899E-15
15.4	1.50783E-15
15.42	1.50666E-15
15.44	1.50547E-15
15.46	1.50427E-15
15.48	1.50306E-15
15.5	1.50184E-15
15.52	1.50061E-15
15.54	1.49936E-15
15.56	1.49811E-15
15.58	1.49684E-15
15.6	1.49556E-15
15.62	1.49427E-15
15.64	1.49297E-15
15.66	1.49166E-15
15.68	1.49035E-15
15.7	1.48902E-15
15.72	1.48768E-15
15.74	1.48633E-15
15.76	1.48498E-15
15.78	1.48361E-15
15.8	1.48224E-15
15.82	1.48086E-15
15.84	1.47947E-15
15.86	1.47807E-15
15.88	1.47667E-15
15.9	1.47526E-15
15.92	1.47384E-15
15.94	1.47242E-15
15.96	1.47098E-15
15.98	1.46955E-15
16	1.4681E-15
16.02	1.46665E-15
16.04	1.4652E-15
16.06	1.46374E-15
16.08	1.46227E-15
16.1	1.4608E-15
16.12	1.45933E-15
16.14	1.45784E-15
16.16	1.45636E-15
16.18	1.45486E-15
16.2	1.45336E-15
16.22	1.45186E-15
16.24	1.45035E-15
16.26	1.44884E-15
16.28	1.44732E-15
16.3	1.44579E-15
16.32	1.44426E-15
16.34	1.44273E-15
16.36	1.44118E-15
16.38	1.43964E-15
16.4	1.43809E-15
16.42	1.43653E-15
16.44	1.43497E-15
16.46	1.43341E-15
16.48	1.43184E-15
16.5	1.43026E-15
16.52	1.42868E-15
16.54	1.42709E-15
16.56	1.4255E-15
16.58	1.42391E-15
16.6	1.42231E-15
16.62	1.42071E-15
16.64	1.4191E-15
16.66	1.41749E-15
16.68	1.41587E-15
16.7	1.41425E-15
16.72	1.41262E-15
16.74	1.41099E-15
16.76	1.40936E-15
16.78	1.40772E-15
16.8	1.40607E-15
16.82	1.40443E-15
16.84	1.40278E-15
16.86	1.40112E-15
16.88	1.39946E-15
16.9	1.3978E-15
16.92	1.39613E-15
16.94	1.39446E-15
16.96	1.39279E-15
16.98	1.39111E-15
17	1.38943E-15
17.02	1.38774E-15
17.04	1.38605E-15
17.06	1.38436E-15
17.08	1.38266E-15
17.1	1.38096E-15
17.12	1.37926E-15
17.14	1.37755E-15
17.16	1.37585E-15
17.18	1.37413E-15
17.2	1.37242E-15
17.22	1.3707E-15
17.24	1.36897E-15
17.26	1.36725E-15
17.28	1.36552E-15
17.3	1.36379E-15
17.32	1.36205E-15
17.34	1.36032E-15
17.36	1.35858E-15
17.38	1.35683E-15
17.4	1.35509E-15
17.42	1.35334E-15
17.44	1.35159E-15
17.46	1.34984E-15
17.48	1.34808E-15
17.5	1.34632E-15
17.52	1.34456E-15
17.54	1.3428E-15
17.56	1.34103E-15
17.58	1.33926E-15
17.6	1.33749E-15
17.62	1.33571E-15
17.64	1.33394E-15
17.66	1.33216E-15
17.68	1.33038E-15
17.7	1.3286E-15
17.72	1.32681E-15
17.74	1.32502E-15
17.76	1.32323E-15
17.78	1.32144E-15
17.8	1.31964E-15
17.82	1.31785E-15
17.84	1.31605E-15
17.86	1.31425E-15
17.88	1.31244E-15
17.9	1.31064E-15
17.92	1.30883E-15
17.94	1.30702E-15
17.96	1.30521E-15
17.98	1.30339E-15
18	1.30158E-15
18.02	1.29976E-15
18.04	1.29794E-15
18.06	1.29612E-15
18.08	1.29429E-15
18.1	1.29247E-15
18.12	1.29064E-15
18.14	1.28881E-15
18.16	1.28699E-15
18.18	1.28516E-15
18.2	1.28333E-15
18.22	1.28151E-15
18.24	1.27968E-15
18.26	1.27785E-15
18.28	1.27603E-15
18.3	1.2742E-15
18.32	1.27238E-15
18.34	1.27056E-15
18.36	1.26874E-15
18.38	1.26692E-15
18.4	1.26511E-15
18.42	1.2633E-15
18.44	1.26149E-15
18.46	1.25968E-15
18.48	1.25788E-15
18.5	1.25608E-15
18.52	1.25428E-15
18.54	1.25249E-15
18.56	1.2507E-15
18.58	1.24892E-15
18.6	1.24714E-15
18.62	1.24536E-15
18.64	1.24359E-15
18.66	1.24183E-15
18.68	1.24007E-15
18.7	1.23831E-15
18.72	1.23657E-15
18.74	1.23483E-15
18.76	1.23309E-15
18.78	1.23136E-15
18.8	1.22964E-15
18.82	1.22792E-15
18.84	1.22622E-15
18.86	1.22452E-15
18.88	1.22282E-15
18.9	1.22114E-15
18.92	1.21946E-15
18.94	1.21779E-15
18.96	1.21613E-15
18.98	1.21448E-15
19	1.21284E-15
19.02	1.21121E-15
19.04	1.20959E-15
19.06	1.20797E-15
19.08	1.20637E-15
19.1	1.20477E-15
19.12	1.20319E-15
19.14	1.20162E-15
19.16	1.20006E-15
19.18	1.19851E-15
19.2	1.19697E-15
19.22	1.19544E-15
19.24	1.19392E-15
19.26	1.19241E-15
19.28	1.19092E-15
19.3	1.18944E-15
19.32	1.18797E-15
19.34	1.18652E-15
19.36	1.18507E-15
19.38	1.18365E-15
19.4	1.18223E-15
19.42	1.18083E-15
19.44	1.17944E-15
19.46	1.17806E-15
19.48	1.1767E-15
19.5	1.17536E-15
19.52	1.17402E-15
19.54	1.17271E-15
19.56	1.1714E-15
19.58	1.17012E-15
19.6	1.16885E-15
19.62	1.16759E-15
19.64	1.16635E-15
19.66	1.16513E-15
19.68	1.16392E-15
19.7	1.16273E-15
19.72	1.16155E-15
19.74	1.16039E-15
19.76	1.15925E-15
19.78	1.15813E-15
19.8	1.15702E-15
19.82	1.15593E-15
19.84	1.15486E-15
19.86	1.15381E-15
19.88	1.15277E-15
19.9	1.15175E-15
19.92	1.15076E-15
19.94	1.14978E-15
19.96	1.14882E-15
19.98	1.14787E-15
20	1.14695E-15
20.02	1.14605E-15
20.04	1.14517E-15
20.06	1.1443E-15
20.08	1.14346E-15
20.1	1.14263E-15
20.12	1.14182E-15
20.14	1.14103E-15
20.16	1.14026E-15
20.18	1.13951E-15
20.2	1.13877E-15
20.22	1.13805E-15
20.24	1.13735E-15
20.26	1.13667E-15
20.28	1.136E-15
20.3	1.13535E-15
20.32	1.13471E-15
20.34	1.13409E-15
20.36	1.13349E-15
20.38	1.1329E-15
20.4	1.13233E-15
20.42	1.13177E-15
20.44	1.13123E-15
20.46	1.1307E-15
20.48	1.13019E-15
20.5	1.12969E-15
20.52	1.12921E-15
20.54	1.12874E-15
20.56	1.12828E-15
20.58	1.12784E-15
20.6	1.12741E-15
20.62	1.12699E-15
20.64	1.12659E-15
20.66	1.1262E-15
20.68	1.12582E-15
20.7	1.12545E-15
20.72	1.1251E-15
20.74	1.12476E-15
20.76	1.12443E-15
20.78	1.12411E-15
20.8	1.1238E-15
20.82	1.12351E-15
20.84	1.12322E-15
20.86	1.12295E-15
20.88	1.12269E-15
20.9	1.12243E-15
20.92	1.12219E-15
20.94	1.12196E-15
20.96	1.12173E-15
20.98	1.12152E-15
21	1.12131E-15
21.02	1.12112E-15
21.04	1.12093E-15
21.06	1.12075E-15
21.08	1.12058E-15
21.1	1.12042E-15
21.12	1.12027E-15
21.14	1.12012E-15
21.16	1.11998E-15
21.18	1.11985E-15
21.2	1.11973E-15
21.22	1.11961E-15
21.24	1.11951E-15
21.26	1.1194E-15
21.28	1.11931E-15
21.3	1.11922E-15
21.32	1.11913E-15
21.34	1.11906E-15
21.36	1.11899E-15
21.38	1.11892E-15
21.4	1.11886E-15
21.42	1.1188E-15
21.44	1.11875E-15
21.46	1.11871E-15
21.48	1.11866E-15
21.5	1.11863E-15
21.52	1.11859E-15
21.54	1.11857E-15
21.56	1.11854E-15
21.58	1.11852E-15
21.6	1.1185E-15
21.62	1.11848E-15
21.64	1.11847E-15
21.66	1.11846E-15
21.68	1.11845E-15
21.7	1.11845E-15
21.72	1.11844E-15
21.74	1.11844E-15
21.76	1.11844E-15
21.78	1.11844E-15
21.8	1.11845E-15
21.82	1.11845E-15
21.84	1.11845E-15
21.86	1.11846E-15
21.88	1.11846E-15
21.9	1.11847E-15
21.92	1.11847E-15
21.94	1.11848E-15
21.96	1.11848E-15
21.98	1.11849E-15
22	1.11849E-15
22.02	1.11849E-15
22.04	1.11849E-15
22.06	1.11849E-15
22.08	1.11849E-15
22.1	1.11849E-15
22.12	1.11849E-15
22.14	1.11848E-15
22.16	1.11848E-15
22.18	1.11847E-15
22.2	1.11846E-15
22.22	1.11846E-15
22.24	1.11845E-15
22.26	1.11844E-15
22.28	1.11843E-15
22.3	1.11842E-15
22.32	1.1184E-15
22.34	1.11839E-15
22.36	1.11838E-15
22.38	1.11837E-15
22.4	1.11835E-15
22.42	1.11834E-15
22.44	1.11832E-15
22.46	1.1183E-15
22.48	1.11829E-15
22.5	1.11827E-15
22.52	1.11825E-15
22.54	1.11823E-15
22.56	1.11821E-15
22.58	1.1182E-15
22.6	1.11818E-15
22.62	1.11816E-15
22.64	1.11814E-15
22.66	1.11812E-15
22.68	1.11809E-15
22.7	1.11807E-15
22.72	1.11805E-15
22.74	1.11803E-15
22.76	1.11801E-15
22.78	1.11798E-15
22.8	1.11796E-15
22.82	1.11794E-15
22.84	1.11792E-15
22.86	1.11789E-15
22.88	1.11787E-15
22.9	1.11785E-15
22.92	1.11782E-15
22.94	1.1178E-15
22.96	1.11778E-15
22.98	1.11775E-15
23	1.11773E-15
23.02	1.11771E-15
23.04	1.11769E-15
23.06	1.11766E-15
23.08	1.11764E-15
23.1	1.11762E-15
23.12	1.11759E-15
23.14	1.11757E-15
23.16	1.11755E-15
23.18	1.11753E-15
23.2	1.1175E-15
23.22	1.11748E-15
23.24	1.11746E-15
23.26	1.11744E-15
23.28	1.11742E-15
23.3	1.1174E-15
23.32	1.11738E-15
23.34	1.11736E-15
23.36	1.11734E-15
23.38	1.11732E-15
23.4	1.1173E-15
23.42	1.11728E-15
23.44	1.11727E-15
23.46	1.11725E-15
23.48	1.11723E-15
23.5	1.11722E-15
23.52	1.1172E-15
23.54	1.11719E-15
23.56	1.11717E-15
23.58	1.11716E-15
23.6	1.11714E-15
23.62	1.11713E-15
23.64	1.11712E-15
23.66	1.11711E-15
23.68	1.1171E-15
23.7	1.11709E-15
23.72	1.11708E-15
23.74	1.11707E-15
23.76	1.11706E-15
23.78	1.11705E-15
23.8	1.11705E-15
23.82	1.11704E-15
23.84	1.11704E-15
23.86	1.11703E-15
23.88	1.11703E-15
23.9	1.11703E-15
23.92	1.11703E-15
23.94	1.11703E-15
23.96	1.11703E-15
23.98	1.11703E-15
24	1.11703E-15
24.02	1.11703E-15
24.04	1.11704E-15
24.06	1.11704E-15
24.08	1.11705E-15
24.1	1.11706E-15
24.12	1.11707E-15
24.14	1.11707E-15
24.16	1.11708E-15
24.18	1.1171E-15
24.2	1.11711E-15
24.22	1.11712E-15
24.24	1.11714E-15
24.26	1.11715E-15
24.28	1.11717E-15
24.3	1.11719E-15
24.32	1.11721E-15
24.34	1.11723E-15
24.36	1.11725E-15
24.38	1.11727E-15
24.4	1.11729E-15
24.42	1.11732E-15
24.44	1.11735E-15
24.46	1.11737E-15
24.48	1.1174E-15
24.5	1.11743E-15
24.52	1.11746E-15
24.54	1.1175E-15
24.56	1.11753E-15
24.58	1.11757E-15
24.6	1.1176E-15
24.62	1.11764E-15
24.64	1.11768E-15
24.66	1.11772E-15
24.68	1.11777E-15
24.7	1.11781E-15
24.72	1.11786E-15
24.74	1.1179E-15
24.76	1.11795E-15
24.78	1.118E-15
24.8	1.11805E-15
24.82	1.11811E-15
24.84	1.11816E-15
24.86	1.11822E-15
24.88	1.11828E-15
24.9	1.11834E-15
24.92	1.1184E-15
24.94	1.11846E-15
24.96	1.11853E-15
24.98	1.11859E-15
25	1.11866E-15
25.02	1.11873E-15
25.04	1.11881E-15
25.06	1.11888E-15
25.08	1.11896E-15
25.1	1.11903E-15
25.12	1.11911E-15
25.14	1.11919E-15
25.16	1.11928E-15
25.18	1.11936E-15
25.2	1.11945E-15
25.22	1.11954E-15
25.24	1.11963E-15
25.26	1.11972E-15
25.28	1.11981E-15
25.3	1.1199E-15
25.32	1.12E-15
25.34	1.1201E-15
25.36	1.1202E-15
25.38	1.1203E-15
25.4	1.1204E-15
25.42	1.12051E-15
25.44	1.12061E-15
25.46	1.12072E-15
25.48	1.12083E-15
25.5	1.12094E-15
25.52	1.12105E-15
25.54	1.12117E-15
25.56	1.12128E-15
25.58	1.1214E-15
25.6	1.12152E-15
25.62	1.12164E-15
25.64	1.12176E-15
25.66	1.12188E-15
25.68	1.12201E-15
25.7	1.12213E-15
25.72	1.12226E-15
25.74	1.12239E-15
25.76	1.12252E-15
25.78	1.12265E-15
25.8	1.12279E-15
25.82	1.12292E-15
25.84	1.12306E-15
25.86	1.1232E-15
25.88	1.12333E-15
25.9	1.12348E-15
25.92	1.12362E-15
25.94	1.12376E-15
25.96	1.1239E-15
25.98	1.12405E-15
26	1.1242E-15
26.02	1.12435E-15
26.04	1.1245E-15
26.06	1.12465E-15
26.08	1.1248E-15
26.1	1.12495E-15
26.12	1.12511E-15
26.14	1.12526E-15
26.16	1.12542E-15
26.18	1.12558E-15
26.2	1.12574E-15
26.22	1.1259E-15
26.24	1.12606E-15
26.26	1.12623E-15
26.28	1.12639E-15
26.3	1.12656E-15
26.32	1.12672E-15
26.34	1.12689E-15
26.36	1.12706E-15
26.38	1.12723E-15
26.4	1.1274E-15
26.42	1.12757E-15
26.44	1.12775E-15
26.46	1.12792E-15
26.48	1.12809E-15
26.5	1.12827E-15
26.52	1.12845E-15
26.54	1.12863E-15
26.56	1.1288E-15
26.58	1.12898E-15
26.6	1.12916E-15
26.62	1.12935E-15
26.64	1.12953E-15
26.66	1.12971E-15
26.68	1.12989E-15
26.7	1.13008E-15
26.72	1.13026E-15
26.74	1.13045E-15
26.76	1.13064E-15
26.78	1.13083E-15
26.8	1.13101E-15
26.82	1.1312E-15
26.84	1.13139E-15
26.86	1.13158E-15
26.88	1.13177E-15
26.9	1.13197E-15
26.92	1.13216E-15
26.94	1.13235E-15
26.96	1.13254E-15
26.98	1.13274E-15
27	1.13293E-15
27.02	1.13313E-15
27.04	1.13332E-15
27.06	1.13352E-15
27.08	1.13372E-15
27.1	1.13391E-15
27.12	1.13411E-15
27.14	1.13431E-15
27.16	1.13451E-15
27.18	1.13471E-15
27.2	1.1349E-15
27.22	1.1351E-15
27.24	1.1353E-15
27.26	1.1355E-15
27.28	1.1357E-15
27.3	1.1359E-15
27.32	1.13611E-15
27.34	1.13631E-15
27.36	1.13651E-15
27.38	1.13671E-15
27.4	1.13691E-15
27.42	1.13711E-15
27.44	1.13732E-15
27.46	1.13752E-15
27.48	1.13772E-15
27.5	1.13792E-15
27.52	1.13813E-15
27.54	1.13833E-15
27.56	1.13853E-15
27.58	1.13874E-15
27.6	1.13894E-15
27.62	1.13914E-15
27.64	1.13935E-15
27.66	1.13955E-15
27.68	1.13975E-15
27.7	1.13996E-15
27.72	1.14016E-15
27.74	1.14036E-15
27.76	1.14057E-15
27.78	1.14077E-15
27.8	1.14097E-15
27.82	1.14118E-15
27.84	1.14138E-15
27.86	1.14158E-15
27.88	1.14178E-15
27.9	1.14199E-15
27.92	1.14219E-15
27.94	1.14239E-15
27.96	1.14259E-15
27.98	1.1428E-15
28	1.143E-15
28.02	1.1432E-15
28.04	1.1434E-15
28.06	1.1436E-15
28.08	1.1438E-15
28.1	1.144E-15
28.12	1.14421E-15
28.14	1.14441E-15
28.16	1.14461E-15
28.18	1.1448E-15
28.2	1.145E-15
28.22	1.1452E-15
28.24	1.1454E-15
28.26	1.1456E-15
28.28	1.1458E-15
28.3	1.14599E-15
28.32	1.14619E-15
28.34	1.14639E-15
28.36	1.14658E-15
28.38	1.14678E-15
28.4	1.14697E-15
28.42	1.14717E-15
28.44	1.14736E-15
28.46	1.14756E-15
28.48	1.14775E-15
28.5	1.14794E-15
28.52	1.14814E-15
28.54	1.14833E-15
28.56	1.14852E-15
28.58	1.14871E-15
28.6	1.1489E-15
28.62	1.14909E-15
28.64	1.14928E-15
28.66	1.14947E-15
28.68	1.14965E-15
28.7	1.14984E-15
28.72	1.15003E-15
28.74	1.15021E-15
28.76	1.1504E-15
28.78	1.15058E-15
28.8	1.15077E-15
28.82	1.15095E-15
28.84	1.15113E-15
28.86	1.15131E-15
28.88	1.1515E-15
28.9	1.15168E-15
28.92	1.15186E-15
28.94	1.15203E-15
28.96	1.15221E-15
28.98	1.15239E-15
29	1.15257E-15
29.02	1.15274E-15
29.04	1.15292E-15
29.06	1.15309E-15
29.08	1.15326E-15
29.1	1.15344E-15
29.12	1.15361E-15
29.14	1.15378E-15
29.16	1.15395E-15
29.18	1.15412E-15
29.2	1.15428E-15
29.22	1.15445E-15
29.24	1.15462E-15
29.26	1.15478E-15
29.28	1.15495E-15
29.3	1.15511E-15
29.32	1.15527E-15
29.34	1.15544E-15
29.36	1.1556E-15
29.38	1.15576E-15
29.4	1.15592E-15
29.42	1.15607E-15
29.44	1.15623E-15
29.46	1.15639E-15
29.48	1.15654E-15
29.5	1.1567E-15
29.52	1.15685E-15
29.54	1.157E-15
29.56	1.15715E-15
29.58	1.1573E-15
29.6	1.15745E-15
29.62	1.1576E-15
29.64	1.15775E-15
29.66	1.15789E-15
29.68	1.15804E-15
29.7	1.15818E-15
29.72	1.15833E-15
29.74	1.15847E-15
29.76	1.15861E-15
29.78	1.15875E-15
29.8	1.15889E-15
29.82	1.15903E-15
29.84	1.15917E-15
29.86	1.1593E-15
29.88	1.15944E-15
29.9	1.15957E-15
29.92	1.1597E-15
29.94	1.15984E-15
29.96	1.15997E-15
29.98	1.1601E-15
30	1.16023E-15
30.02	1.16035E-15
30.04	1.16048E-15
30.06	1.16061E-15
30.08	1.16073E-15
30.1	1.16085E-15
30.12	1.16098E-15
30.14	1.1611E-15
30.16	1.16122E-15
30.18	1.16134E-15
30.2	1.16146E-15
30.22	1.16158E-15
30.24	1.16169E-15
30.26	1.16181E-15
30.28	1.16192E-15
30.3	1.16204E-15
30.32	1.16215E-15
30.34	1.16226E-15
30.36	1.16237E-15
30.38	1.16248E-15
30.4	1.16259E-15
30.42	1.1627E-15
30.44	1.1628E-15
30.46	1.16291E-15
30.48	1.16302E-15
30.5	1.16312E-15
30.52	1.16322E-15
30.54	1.16333E-15
30.56	1.16343E-15
30.58	1.16353E-15
30.6	1.16363E-15
30.62	1.16373E-15
30.64	1.16382E-15
30.66	1.16392E-15
30.68	1.16402E-15
30.7	1.16411E-15
30.72	1.16421E-15
30.74	1.1643E-15
30.76	1.16439E-15
30.78	1.16448E-15
30.8	1.16457E-15
30.82	1.16466E-15
30.84	1.16475E-15
30.86	1.16484E-15
30.88	1.16493E-15
30.9	1.16501E-15
30.92	1.1651E-15
30.94	1.16518E-15
30.96	1.16527E-15
30.98	1.16535E-15
31	1.16543E-15
31.02	1.16552E-15
31.04	1.1656E-15
31.06	1.16568E-15
31.08	1.16575E-15
31.1	1.16583E-15
31.12	1.16591E-15
31.14	1.16599E-15
31.16	1.16606E-15
31.18	1.16614E-15
31.2	1.16621E-15
31.22	1.16628E-15
31.24	1.16636E-15
31.26	1.16643E-15
31.28	1.1665E-15
31.3	1.16657E-15
31.32	1.16664E-15
31.34	1.1667E-15
31.36	1.16677E-15
31.38	1.16684E-15
31.4	1.1669E-15
31.42	1.16697E-15
31.44	1.16703E-15
31.46	1.16709E-15
31.48	1.16716E-15
31.5	1.16722E-15
31.52	1.16728E-15
31.54	1.16734E-15
31.56	1.1674E-15
31.58	1.16745E-15
31.6	1.16751E-15
31.62	1.16757E-15
31.64	1.16762E-15
31.66	1.16768E-15
31.68	1.16773E-15
31.7	1.16778E-15
31.72	1.16784E-15
31.74	1.16789E-15
31.76	1.16794E-15
31.78	1.16799E-15
31.8	1.16804E-15
31.82	1.16808E-15
31.84	1.16813E-15
31.86	1.16818E-15
31.88	1.16822E-15
31.9	1.16827E-15
31.92	1.16831E-15
31.94	1.16835E-15
31.96	1.16839E-15
31.98	1.16844E-15
32	1.16848E-15
32.02	1.16851E-15
32.04	1.16855E-15
32.06	1.16859E-15
32.08	1.16863E-15
32.1	1.16866E-15
32.12	1.1687E-15
32.14	1.16873E-15
32.16	1.16876E-15
32.18	1.1688E-15
32.2	1.16883E-15
32.22	1.16886E-15
32.24	1.16889E-15
32.26	1.16892E-15
32.28	1.16894E-15
32.3	1.16897E-15
32.32	1.169E-15
32.34	1.16902E-15
32.36	1.16905E-15
32.38	1.16907E-15
32.4	1.16909E-15
32.42	1.16911E-15
32.44	1.16913E-15
32.46	1.16915E-15
32.48	1.16917E-15
32.5	1.16919E-15
32.52	1.16921E-15
32.54	1.16923E-15
32.56	1.16924E-15
32.58	1.16926E-15
32.6	1.16927E-15
32.62	1.16928E-15
32.64	1.16929E-15
32.66	1.16931E-15
32.68	1.16932E-15
32.7	1.16933E-15
32.72	1.16933E-15
32.74	1.16934E-15
32.76	1.16935E-15
32.78	1.16935E-15
32.8	1.16936E-15
32.82	1.16936E-15
32.84	1.16937E-15
32.86	1.16937E-15
32.88	1.16937E-15
32.9	1.16937E-15
32.92	1.16937E-15
32.94	1.16937E-15
32.96	1.16937E-15
32.98	1.16937E-15
33	1.16936E-15
33.02	1.16936E-15
33.04	1.16935E-15
33.06	1.16935E-15
33.08	1.16934E-15
33.1	1.16933E-15
33.12	1.16933E-15
33.14	1.16932E-15
33.16	1.16931E-15
33.18	1.16929E-15
33.2	1.16928E-15
33.22	1.16927E-15
33.24	1.16926E-15
33.26	1.16924E-15
33.28	1.16923E-15
33.3	1.16921E-15
33.32	1.16919E-15
33.34	1.16918E-15
33.36	1.16916E-15
33.38	1.16914E-15
33.4	1.16912E-15
33.42	1.1691E-15
33.44	1.16907E-15
33.46	1.16905E-15
33.48	1.16903E-15
33.5	1.169E-15
33.52	1.16898E-15
33.54	1.16895E-15
33.56	1.16892E-15
33.58	1.1689E-15
33.6	1.16887E-15
33.62	1.16884E-15
33.64	1.16881E-15
33.66	1.16878E-15
33.68	1.16875E-15
33.7	1.16871E-15
33.72	1.16868E-15
33.74	1.16865E-15
33.76	1.16861E-15
33.78	1.16857E-15
33.8	1.16854E-15
33.82	1.1685E-15
33.84	1.16846E-15
33.86	1.16842E-15
33.88	1.16838E-15
33.9	1.16834E-15
33.92	1.1683E-15
33.94	1.16826E-15
33.96	1.16822E-15
33.98	1.16817E-15
34	1.16813E-15
34.02	1.16808E-15
34.04	1.16804E-15
34.06	1.16799E-15
34.08	1.16795E-15
34.1	1.1679E-15
34.12	1.16785E-15
34.14	1.1678E-15
34.16	1.16775E-15
34.18	1.1677E-15
34.2	1.16765E-15
34.22	1.16759E-15
34.24	1.16754E-15
34.26	1.16749E-15
34.28	1.16743E-15
34.3	1.16738E-15
34.32	1.16732E-15
34.34	1.16727E-15
34.36	1.16721E-15
34.38	1.16715E-15
34.4	1.16709E-15
34.42	1.16703E-15
34.44	1.16697E-15
34.46	1.16691E-15
34.48	1.16685E-15
34.5	1.16679E-15
34.52	1.16673E-15
34.54	1.16666E-15
34.56	1.1666E-15
34.58	1.16654E-15
34.6	1.16647E-15
34.62	1.1664E-15
34.64	1.16634E-15
34.66	1.16627E-15
34.68	1.1662E-15
34.7	1.16614E-15
34.72	1.16607E-15
34.74	1.166E-15
34.76	1.16593E-15
34.78	1.16586E-15
34.8	1.16579E-15
34.82	1.16571E-15
34.84	1.16564E-15
34.86	1.16557E-15
34.88	1.1655E-15
34.9	1.16542E-15
34.92	1.16535E-15
34.94	1.16527E-15
34.96	1.1652E-15
34.98	1.16512E-15
35	1.16505E-15
35.02	1.16497E-15
35.04	1.16489E-15
35.06	1.16482E-15
35.08	1.16474E-15
35.1	1.16466E-15
35.12	1.16458E-15
35.14	1.1645E-15
35.16	1.16442E-15
35.18	1.16434E-15
35.2	1.16426E-15
35.22	1.16418E-15
35.24	1.1641E-15
35.26	1.16402E-15
35.28	1.16393E-15
35.3	1.16385E-15
35.32	1.16377E-15
35.34	1.16369E-15
35.36	1.1636E-15
35.38	1.16352E-15
35.4	1.16343E-15
35.42	1.16335E-15
35.44	1.16326E-15
35.46	1.16318E-15
35.48	1.16309E-15
35.5	1.16301E-15
35.52	1.16292E-15
35.54	1.16283E-15
35.56	1.16275E-15
35.58	1.16266E-15
35.6	1.16257E-15
35.62	1.16248E-15
35.64	1.1624E-15
35.66	1.16231E-15
35.68	1.16222E-15
35.7	1.16213E-15
35.72	1.16204E-15
35.74	1.16195E-15
35.76	1.16186E-15
35.78	1.16177E-15
35.8	1.16168E-15
35.82	1.16159E-15
35.84	1.1615E-15
35.86	1.16141E-15
35.88	1.16132E-15
35.9	1.16123E-15
35.92	1.16114E-15
35.94	1.16105E-15
35.96	1.16096E-15
35.98	1.16087E-15
36	1.16077E-15
	--
	--
	--
	--
	--
	--
