//1	2	0	1	1	0	0.0	0
//Energy[eV]	XS[cm2]
0	3.10E-17
0.01	3.10E-17
0.02	3.10E-17
0.03	3.10E-17
0.04	3.10E-17
0.05	3.10E-17
0.06	3.11E-17
0.07	3.11E-17
0.08	3.11E-17
0.09	3.11E-17
0.1	3.11E-17
0.11	3.11E-17
0.12	3.11E-17
0.13	3.11E-17
0.14	3.11E-17
0.15	3.11E-17
0.16	3.11E-17
0.17	3.11E-17
0.18	3.11E-17
0.19	3.11E-17
0.2	3.11E-17
0.21	3.11E-17
0.22	3.11E-17
0.23	3.10E-17
0.24	3.10E-17
0.25	3.10E-17
0.26	3.10E-17
0.27	3.10E-17
0.28	3.10E-17
0.29	3.10E-17
0.3	3.09E-17
0.31	3.09E-17
0.32	3.09E-17
0.33	3.09E-17
0.34	3.09E-17
0.35	3.09E-17
0.36	3.09E-17
0.37	3.09E-17
0.38	3.08E-17
0.39	3.08E-17
0.4	3.08E-17
0.41	3.08E-17
0.42	3.08E-17
0.43	3.08E-17
0.44	3.09E-17
0.45	3.09E-17
0.46	3.09E-17
0.47	3.09E-17
0.48	3.09E-17
0.49	3.10E-17
0.5	3.10E-17
0.51	3.11E-17
0.52	3.11E-17
0.53	3.12E-17
0.54	3.12E-17
0.55	3.13E-17
0.56	3.14E-17
0.57	3.15E-17
0.58	3.15E-17
0.59	3.16E-17
0.6	3.17E-17
0.61	3.18E-17
0.62	3.19E-17
0.63	3.20E-17
0.64	3.21E-17
0.65	3.22E-17
0.66	3.23E-17
0.67	3.24E-17
0.68	3.25E-17
0.69	3.26E-17
0.7	3.27E-17
0.71	3.28E-17
0.72	3.29E-17
0.73	3.31E-17
0.74	3.32E-17
0.75	3.33E-17
0.76	3.34E-17
0.77	3.35E-17
0.78	3.36E-17
0.79	3.37E-17
0.8	3.38E-17
0.81	3.39E-17
0.82	3.40E-17
0.83	3.41E-17
0.84	3.43E-17
0.85	3.44E-17
0.86	3.45E-17
0.87	3.46E-17
0.88	3.47E-17
0.89	3.48E-17
0.9	3.49E-17
0.91	3.50E-17
0.92	3.51E-17
0.93	3.53E-17
0.94	3.54E-17
0.95	3.55E-17
0.96	3.56E-17
0.97	3.57E-17
0.98	3.58E-17
0.99	3.60E-17
1	3.61E-17
1.01	3.62E-17
1.02	3.64E-17
1.03	3.65E-17
1.04	3.66E-17
1.05	3.68E-17
1.06	3.69E-17
1.07	3.70E-17
1.08	3.72E-17
1.09	3.73E-17
1.1	3.75E-17
1.11	3.76E-17
1.12	3.78E-17
1.13	3.79E-17
1.14	3.81E-17
1.15	3.83E-17
1.16	3.84E-17
1.17	3.86E-17
1.18	3.88E-17
1.19	3.89E-17
1.2	3.91E-17
1.21	3.93E-17
1.22	3.95E-17
1.23	3.97E-17
1.24	3.99E-17
1.25	4.01E-17
1.26	4.03E-17
1.27	4.05E-17
1.28	4.07E-17
1.29	4.09E-17
1.3	4.11E-17
1.31	4.13E-17
1.32	4.15E-17
1.33	4.18E-17
1.34	4.20E-17
1.35	4.23E-17
1.36	4.25E-17
1.37	4.28E-17
1.38	4.30E-17
1.39	4.33E-17
1.4	4.36E-17
1.41	4.39E-17
1.42	4.42E-17
1.43	4.45E-17
1.44	4.48E-17
1.45	4.51E-17
1.46	4.54E-17
1.47	4.57E-17
1.48	4.61E-17
1.49	4.64E-17
1.5	4.68E-17
1.51	4.72E-17
1.52	4.76E-17
1.53	4.80E-17
1.54	4.84E-17
1.55	4.88E-17
1.56	4.92E-17
1.57	4.96E-17
1.58	5.01E-17
1.59	5.05E-17
1.6	5.09E-17
1.61	5.14E-17
1.62	5.18E-17
1.63	5.23E-17
1.64	5.28E-17
1.65	5.32E-17
1.66	5.37E-17
1.67	5.42E-17
1.68	5.47E-17
1.69	5.51E-17
1.7	5.56E-17
1.71	5.61E-17
1.72	5.66E-17
1.73	5.71E-17
1.74	5.75E-17
1.75	5.80E-17
1.76	5.85E-17
1.77	5.90E-17
1.78	5.95E-17
1.79	6.00E-17
1.8	6.04E-17
1.81	6.09E-17
1.82	6.14E-17
1.83	6.19E-17
1.84	6.24E-17
1.85	6.29E-17
1.86	6.34E-17
1.87	6.39E-17
1.88	6.44E-17
1.89	6.49E-17
1.9	6.54E-17
1.91	6.60E-17
1.92	6.65E-17
1.93	6.70E-17
1.94	6.76E-17
1.95	6.81E-17
1.96	6.87E-17
1.97	6.93E-17
1.98	6.99E-17
1.99	7.05E-17
2	7.11E-17
2.01	7.17E-17
2.02	7.23E-17
2.03	7.29E-17
2.04	7.36E-17
2.05	7.43E-17
2.06	7.49E-17
2.07	7.56E-17
2.08	7.63E-17
2.09	7.70E-17
2.1	7.78E-17
2.11	7.85E-17
2.12	7.92E-17
2.13	8.00E-17
2.14	8.08E-17
2.15	8.16E-17
2.16	8.24E-17
2.17	8.32E-17
2.18	8.40E-17
2.19	8.48E-17
2.2	8.57E-17
2.21	8.65E-17
2.22	8.74E-17
2.23	8.83E-17
2.24	8.92E-17
2.25	9.01E-17
2.26	9.11E-17
2.27	9.20E-17
2.28	9.30E-17
2.29	9.40E-17
2.3	9.50E-17
2.31	9.60E-17
2.32	9.70E-17
2.33	9.81E-17
2.34	9.92E-17
2.35	1.00E-16
2.36	1.01E-16
2.37	1.03E-16
2.38	1.04E-16
2.39	1.05E-16
2.4	1.06E-16
2.41	1.07E-16
2.42	1.09E-16
2.43	1.10E-16
2.44	1.11E-16
2.45	1.13E-16
2.46	1.14E-16
2.47	1.16E-16
2.48	1.17E-16
2.49	1.19E-16
2.5	1.20E-16
2.51	1.22E-16
2.52	1.24E-16
2.53	1.25E-16
2.54	1.27E-16
2.55	1.29E-16
2.56	1.30E-16
2.57	1.32E-16
2.58	1.34E-16
2.59	1.36E-16
2.6	1.38E-16
2.61	1.40E-16
2.62	1.42E-16
2.63	1.44E-16
2.64	1.46E-16
2.65	1.48E-16
2.66	1.50E-16
2.67	1.52E-16
2.68	1.54E-16
2.69	1.56E-16
2.7	1.58E-16
2.71	1.60E-16
2.72	1.62E-16
2.73	1.64E-16
2.74	1.66E-16
2.75	1.68E-16
2.76	1.70E-16
2.77	1.72E-16
2.78	1.74E-16
2.79	1.77E-16
2.8	1.79E-16
2.81	1.81E-16
2.82	1.83E-16
2.83	1.85E-16
2.84	1.87E-16
2.85	1.90E-16
2.86	1.92E-16
2.87	1.94E-16
2.88	1.96E-16
2.89	1.99E-16
2.9	2.01E-16
2.91	2.03E-16
2.92	2.06E-16
2.93	2.08E-16
2.94	2.10E-16
2.95	2.13E-16
2.96	2.15E-16
2.97	2.18E-16
2.98	2.20E-16
2.99	2.23E-16
3	2.26E-16
3.01	2.28E-16
3.02	2.31E-16
3.03	2.34E-16
3.04	2.37E-16
3.05	2.39E-16
3.06	2.42E-16
3.07	2.45E-16
3.08	2.48E-16
3.09	2.51E-16
3.1	2.54E-16
3.11	2.57E-16
3.12	2.60E-16
3.13	2.63E-16
3.14	2.67E-16
3.15	2.70E-16
3.16	2.73E-16
3.17	2.76E-16
3.18	2.80E-16
3.19	2.83E-16
3.2	2.86E-16
3.21	2.90E-16
3.22	2.93E-16
3.23	2.97E-16
3.24	3.00E-16
3.25	3.04E-16
3.26	3.08E-16
3.27	3.11E-16
3.28	3.15E-16
3.29	3.19E-16
3.3	3.22E-16
3.31	3.26E-16
3.32	3.30E-16
3.33	3.34E-16
3.34	3.38E-16
3.35	3.42E-16
3.36	3.46E-16
3.37	3.50E-16
3.38	3.54E-16
3.39	3.58E-16
3.4	3.63E-16
3.41	3.67E-16
3.42	3.71E-16
3.43	3.76E-16
3.44	3.80E-16
3.45	3.85E-16
3.46	3.89E-16
3.47	3.94E-16
3.48	3.99E-16
3.49	4.04E-16
3.5	4.08E-16
3.51	4.13E-16
3.52	4.18E-16
3.53	4.23E-16
3.54	4.29E-16
3.55	4.34E-16
3.56	4.39E-16
3.57	4.44E-16
3.58	4.50E-16
3.59	4.55E-16
3.6	4.60E-16
3.61	4.66E-16
3.62	4.71E-16
3.63	4.77E-16
3.64	4.82E-16
3.65	4.87E-16
3.66	4.93E-16
3.67	4.98E-16
3.68	5.04E-16
3.69	5.09E-16
3.7	5.14E-16
3.71	5.20E-16
3.72	5.25E-16
3.73	5.30E-16
3.74	5.36E-16
3.75	5.41E-16
3.76	5.46E-16
3.77	5.51E-16
3.78	5.56E-16
3.79	5.61E-16
3.8	5.66E-16
3.81	5.71E-16
3.82	5.76E-16
3.83	5.81E-16
3.84	5.86E-16
3.85	5.91E-16
3.86	5.96E-16
3.87	6.01E-16
3.88	6.06E-16
3.89	6.11E-16
3.9	6.16E-16
3.91	6.21E-16
3.92	6.26E-16
3.93	6.31E-16
3.94	6.36E-16
3.95	6.41E-16
3.96	6.46E-16
3.97	6.51E-16
3.98	6.56E-16
3.99	6.61E-16
4	6.66E-16
4.01	6.71E-16
4.02	6.76E-16
4.03	6.81E-16
4.04	6.86E-16
4.05	6.91E-16
4.06	6.97E-16
4.07	7.02E-16
4.08	7.07E-16
4.09	7.12E-16
4.1	7.17E-16
4.11	7.22E-16
4.12	7.27E-16
4.13	7.32E-16
4.14	7.37E-16
4.15	7.42E-16
4.16	7.47E-16
4.17	7.52E-16
4.18	7.57E-16
4.19	7.62E-16
4.2	7.67E-16
4.21	7.72E-16
4.22	7.77E-16
4.23	7.81E-16
4.24	7.86E-16
4.25	7.91E-16
4.26	7.95E-16
4.27	8.00E-16
4.28	8.04E-16
4.29	8.09E-16
4.3	8.13E-16
4.31	8.17E-16
4.32	8.21E-16
4.33	8.25E-16
4.34	8.30E-16
4.35	8.34E-16
4.36	8.38E-16
4.37	8.42E-16
4.38	8.45E-16
4.39	8.49E-16
4.4	8.53E-16
4.41	8.57E-16
4.42	8.61E-16
4.43	8.64E-16
4.44	8.68E-16
4.45	8.71E-16
4.46	8.75E-16
4.47	8.78E-16
4.48	8.82E-16
4.49	8.85E-16
4.5	8.89E-16
4.51	8.92E-16
4.52	8.95E-16
4.53	8.99E-16
4.54	9.02E-16
4.55	9.05E-16
4.56	9.08E-16
4.57	9.11E-16
4.58	9.14E-16
4.59	9.17E-16
4.6	9.20E-16
4.61	9.23E-16
4.62	9.26E-16
4.63	9.29E-16
4.64	9.32E-16
4.65	9.35E-16
4.66	9.38E-16
4.67	9.40E-16
4.68	9.43E-16
4.69	9.46E-16
4.7	9.48E-16
4.71	9.51E-16
4.72	9.53E-16
4.73	9.56E-16
4.74	9.58E-16
4.75	9.61E-16
4.76	9.63E-16
4.77	9.65E-16
4.78	9.68E-16
4.79	9.70E-16
4.8	9.72E-16
4.81	9.74E-16
4.82	9.76E-16
4.83	9.78E-16
4.84	9.80E-16
4.85	9.82E-16
4.86	9.84E-16
4.87	9.86E-16
4.88	9.88E-16
4.89	9.90E-16
4.9	9.92E-16
4.91	9.94E-16
4.92	9.96E-16
4.93	9.97E-16
4.94	9.99E-16
4.95	1.00E-15
4.96	1.00E-15
4.97	1.00E-15
4.98	1.01E-15
4.99	1.01E-15
5	1.01E-15
5.01	1.01E-15
5.02	1.01E-15
5.03	1.02E-15
5.04	1.02E-15
5.05	1.02E-15
5.06	1.02E-15
5.07	1.02E-15
5.08	1.02E-15
5.09	1.03E-15
5.1	1.03E-15
5.11	1.03E-15
5.12	1.03E-15
5.13	1.03E-15
5.14	1.03E-15
5.15	1.04E-15
5.16	1.04E-15
5.17	1.04E-15
5.18	1.04E-15
5.19	1.04E-15
5.2	1.04E-15
5.21	1.05E-15
5.22	1.05E-15
5.23	1.05E-15
5.24	1.05E-15
5.25	1.05E-15
5.26	1.05E-15
5.27	1.05E-15
5.28	1.05E-15
5.29	1.05E-15
5.3	1.06E-15
5.31	1.06E-15
5.32	1.06E-15
5.33	1.06E-15
5.34	1.06E-15
5.35	1.06E-15
5.36	1.06E-15
5.37	1.06E-15
5.38	1.06E-15
5.39	1.06E-15
5.4	1.06E-15
5.41	1.06E-15
5.42	1.06E-15
5.43	1.07E-15
5.44	1.07E-15
5.45	1.07E-15
5.46	1.07E-15
5.47	1.07E-15
5.48	1.07E-15
5.49	1.07E-15
5.5	1.07E-15
5.51	1.07E-15
5.52	1.07E-15
5.53	1.07E-15
5.54	1.07E-15
5.55	1.08E-15
5.56	1.08E-15
5.57	1.08E-15
5.58	1.08E-15
5.59	1.08E-15
5.6	1.08E-15
5.61	1.08E-15
5.62	1.08E-15
5.63	1.08E-15
5.64	1.09E-15
5.65	1.09E-15
5.66	1.09E-15
5.67	1.09E-15
5.68	1.09E-15
5.69	1.09E-15
5.7	1.09E-15
5.71	1.09E-15
5.72	1.09E-15
5.73	1.10E-15
5.74	1.10E-15
5.75	1.10E-15
5.76	1.10E-15
5.77	1.10E-15
5.78	1.10E-15
5.79	1.10E-15
5.8	1.10E-15
5.81	1.10E-15
5.82	1.10E-15
5.83	1.10E-15
5.84	1.10E-15
5.85	1.10E-15
5.86	1.11E-15
5.87	1.11E-15
5.88	1.11E-15
5.89	1.11E-15
5.9	1.11E-15
5.91	1.11E-15
5.92	1.11E-15
5.93	1.11E-15
5.94	1.11E-15
5.95	1.11E-15
5.96	1.11E-15
5.97	1.11E-15
5.98	1.11E-15
5.99	1.11E-15
6	1.11E-15
6.01	1.11E-15
6.02	1.11E-15
6.03	1.11E-15
6.04	1.11E-15
6.05	1.11E-15
6.06	1.11E-15
6.07	1.11E-15
6.08	1.11E-15
6.09	1.11E-15
6.1	1.12E-15
6.11	1.12E-15
6.12	1.12E-15
6.13	1.12E-15
6.14	1.12E-15
6.15	1.12E-15
6.16	1.12E-15
6.17	1.12E-15
6.18	1.12E-15
6.19	1.12E-15
6.2	1.12E-15
6.21	1.12E-15
6.22	1.12E-15
6.23	1.12E-15
6.24	1.12E-15
6.25	1.12E-15
6.26	1.12E-15
6.27	1.12E-15
6.28	1.12E-15
6.29	1.12E-15
6.3	1.13E-15
6.31	1.13E-15
6.32	1.13E-15
6.33	1.13E-15
6.34	1.13E-15
6.35	1.13E-15
6.36	1.13E-15
6.37	1.13E-15
6.38	1.13E-15
6.39	1.13E-15
6.4	1.13E-15
6.41	1.13E-15
6.42	1.13E-15
6.43	1.13E-15
6.44	1.14E-15
6.45	1.14E-15
6.46	1.14E-15
6.47	1.14E-15
6.48	1.14E-15
6.49	1.14E-15
6.5	1.14E-15
6.51	1.14E-15
6.52	1.14E-15
6.53	1.14E-15
6.54	1.14E-15
6.55	1.14E-15
6.56	1.15E-15
6.57	1.15E-15
6.58	1.15E-15
6.59	1.15E-15
6.6	1.15E-15
6.61	1.15E-15
6.62	1.15E-15
6.63	1.15E-15
6.64	1.15E-15
6.65	1.15E-15
6.66	1.15E-15
6.67	1.15E-15
6.68	1.15E-15
6.69	1.15E-15
6.7	1.15E-15
6.71	1.16E-15
6.72	1.16E-15
6.73	1.16E-15
6.74	1.16E-15
6.75	1.16E-15
6.76	1.16E-15
6.77	1.16E-15
6.78	1.16E-15
6.79	1.16E-15
6.8	1.16E-15
6.81	1.16E-15
6.82	1.16E-15
6.83	1.16E-15
6.84	1.16E-15
6.85	1.16E-15
6.86	1.16E-15
6.87	1.16E-15
6.88	1.16E-15
6.89	1.17E-15
6.9	1.17E-15
6.91	1.17E-15
6.92	1.17E-15
6.93	1.17E-15
6.94	1.17E-15
6.95	1.17E-15
6.96	1.17E-15
6.97	1.17E-15
6.98	1.17E-15
6.99	1.17E-15
7	1.17E-15
7.01	1.18E-15
7.02	1.18E-15
7.03	1.18E-15
7.04	1.18E-15
7.05	1.18E-15
7.06	1.18E-15
7.07	1.18E-15
7.08	1.19E-15
7.09	1.19E-15
7.1	1.19E-15
7.11	1.19E-15
7.12	1.19E-15
7.13	1.19E-15
7.14	1.20E-15
7.15	1.20E-15
7.16	1.20E-15
7.17	1.20E-15
7.18	1.20E-15
7.19	1.21E-15
7.2	1.21E-15
7.21	1.21E-15
7.22	1.21E-15
7.23	1.21E-15
7.24	1.22E-15
7.25	1.22E-15
7.26	1.22E-15
7.27	1.22E-15
7.28	1.22E-15
7.29	1.23E-15
7.3	1.23E-15
7.31	1.23E-15
7.32	1.23E-15
7.33	1.24E-15
7.34	1.24E-15
7.35	1.24E-15
7.36	1.24E-15
7.37	1.25E-15
7.38	1.25E-15
7.39	1.25E-15
7.4	1.25E-15
7.41	1.26E-15
7.42	1.26E-15
7.43	1.26E-15
7.44	1.26E-15
7.45	1.27E-15
7.46	1.27E-15
7.47	1.27E-15
7.48	1.27E-15
7.49	1.27E-15
7.5	1.28E-15
7.51	1.28E-15
7.52	1.28E-15
7.53	1.28E-15
7.54	1.29E-15
7.55	1.29E-15
7.56	1.29E-15
7.57	1.29E-15
7.58	1.29E-15
7.59	1.30E-15
7.6	1.30E-15
7.61	1.30E-15
7.62	1.30E-15
7.63	1.31E-15
7.64	1.31E-15
7.65	1.31E-15
7.66	1.31E-15
7.67	1.31E-15
7.68	1.32E-15
7.69	1.32E-15
7.7	1.32E-15
7.71	1.32E-15
7.72	1.32E-15
7.73	1.32E-15
7.74	1.33E-15
7.75	1.33E-15
7.76	1.33E-15
7.77	1.33E-15
7.78	1.33E-15
7.79	1.34E-15
7.8	1.34E-15
7.81	1.34E-15
7.82	1.34E-15
7.83	1.34E-15
7.84	1.34E-15
7.85	1.35E-15
7.86	1.35E-15
7.87	1.35E-15
7.88	1.35E-15
7.89	1.35E-15
7.9	1.35E-15
7.91	1.36E-15
7.92	1.36E-15
7.93	1.36E-15
7.94	1.36E-15
7.95	1.36E-15
7.96	1.36E-15
7.97	1.37E-15
7.98	1.37E-15
7.99	1.37E-15
8	1.37E-15
8.01	1.37E-15
8.02	1.37E-15
8.03	1.37E-15
8.04	1.38E-15
8.05	1.38E-15
8.06	1.38E-15
8.07	1.38E-15
8.08	1.38E-15
8.09	1.38E-15
8.1	1.38E-15
8.11	1.39E-15
8.12	1.39E-15
8.13	1.39E-15
8.14	1.39E-15
8.15	1.39E-15
8.16	1.39E-15
8.17	1.39E-15
8.18	1.40E-15
8.19	1.40E-15
8.2	1.40E-15
8.21	1.40E-15
8.22	1.40E-15
8.23	1.40E-15
8.24	1.40E-15
8.25	1.41E-15
8.26	1.41E-15
8.27	1.41E-15
8.28	1.41E-15
8.29	1.41E-15
8.3	1.41E-15
8.31	1.41E-15
8.32	1.42E-15
8.33	1.42E-15
8.34	1.42E-15
8.35	1.42E-15
8.36	1.42E-15
8.37	1.42E-15
8.38	1.42E-15
8.39	1.42E-15
8.4	1.43E-15
8.41	1.43E-15
8.42	1.43E-15
8.43	1.43E-15
8.44	1.43E-15
8.45	1.43E-15
8.46	1.43E-15
8.47	1.43E-15
8.48	1.43E-15
8.49	1.44E-15
8.5	1.44E-15
8.51	1.44E-15
8.52	1.44E-15
8.53	1.44E-15
8.54	1.44E-15
8.55	1.44E-15
8.56	1.44E-15
8.57	1.44E-15
8.58	1.45E-15
8.59	1.45E-15
8.6	1.45E-15
8.61	1.45E-15
8.62	1.45E-15
8.63	1.45E-15
8.64	1.45E-15
8.65	1.45E-15
8.66	1.45E-15
8.67	1.45E-15
8.68	1.45E-15
8.69	1.46E-15
8.7	1.46E-15
8.71	1.46E-15
8.72	1.46E-15
8.73	1.46E-15
8.74	1.46E-15
8.75	1.46E-15
8.76	1.46E-15
8.77	1.46E-15
8.78	1.46E-15
8.79	1.46E-15
8.8	1.47E-15
8.81	1.47E-15
8.82	1.47E-15
8.83	1.47E-15
8.84	1.47E-15
8.85	1.47E-15
8.86	1.47E-15
8.87	1.47E-15
8.88	1.47E-15
8.89	1.47E-15
8.9	1.47E-15
8.91	1.47E-15
8.92	1.48E-15
8.93	1.48E-15
8.94	1.48E-15
8.95	1.48E-15
8.96	1.48E-15
8.97	1.48E-15
8.98	1.48E-15
8.99	1.48E-15
9	1.48E-15
9.01	1.48E-15
9.02	1.48E-15
9.03	1.48E-15
9.04	1.48E-15
9.05	1.49E-15
9.06	1.49E-15
9.07	1.49E-15
9.08	1.49E-15
9.09	1.49E-15
9.1	1.49E-15
9.11	1.49E-15
9.12	1.49E-15
9.13	1.49E-15
9.14	1.49E-15
9.15	1.49E-15
9.16	1.49E-15
9.17	1.49E-15
9.18	1.49E-15
9.19	1.49E-15
9.2	1.50E-15
9.21	1.50E-15
9.22	1.50E-15
9.23	1.50E-15
9.24	1.50E-15
9.25	1.50E-15
9.26	1.50E-15
9.27	1.50E-15
9.28	1.50E-15
9.29	1.50E-15
9.3	1.50E-15
9.31	1.50E-15
9.32	1.50E-15
9.33	1.50E-15
9.34	1.50E-15
9.35	1.50E-15
9.36	1.51E-15
9.37	1.51E-15
9.38	1.51E-15
9.39	1.51E-15
9.4	1.51E-15
9.41	1.51E-15
9.42	1.51E-15
9.43	1.51E-15
9.44	1.51E-15
9.45	1.51E-15
9.46	1.51E-15
9.47	1.51E-15
9.48	1.51E-15
9.49	1.51E-15
9.5	1.51E-15
9.51	1.51E-15
9.52	1.52E-15
9.53	1.52E-15
9.54	1.52E-15
9.55	1.52E-15
9.56	1.52E-15
9.57	1.52E-15
9.58	1.52E-15
9.59	1.52E-15
9.6	1.52E-15
9.61	1.52E-15
9.62	1.52E-15
9.63	1.52E-15
9.64	1.52E-15
9.65	1.52E-15
9.66	1.52E-15
9.67	1.52E-15
9.68	1.52E-15
9.69	1.53E-15
9.7	1.53E-15
9.71	1.53E-15
9.72	1.53E-15
9.73	1.53E-15
9.74	1.53E-15
9.75	1.53E-15
9.76	1.53E-15
9.77	1.53E-15
9.78	1.53E-15
9.79	1.53E-15
9.8	1.53E-15
9.81	1.53E-15
9.82	1.53E-15
9.83	1.53E-15
9.84	1.53E-15
9.85	1.53E-15
9.86	1.53E-15
9.87	1.54E-15
9.88	1.54E-15
9.89	1.54E-15
9.9	1.54E-15
9.91	1.54E-15
9.92	1.54E-15
9.93	1.54E-15
9.94	1.54E-15
9.95	1.54E-15
9.96	1.54E-15
9.97	1.54E-15
9.98	1.54E-15
9.99	1.54E-15
10	1.54E-15
10.01	1.54E-15
10.02	1.54E-15
10.03	1.54E-15
10.04	1.54E-15
10.05	1.54E-15
10.06	1.55E-15
10.07	1.55E-15
10.08	1.55E-15
10.09	1.55E-15
10.1	1.55E-15
10.11	1.55E-15
10.12	1.55E-15
10.13	1.55E-15
10.14	1.55E-15
10.15	1.55E-15
10.16	1.55E-15
10.17	1.55E-15
10.18	1.55E-15
10.19	1.55E-15
10.2	1.55E-15
10.21	1.55E-15
10.22	1.55E-15
10.23	1.55E-15
10.24	1.55E-15
10.25	1.55E-15
10.26	1.55E-15
10.27	1.56E-15
10.28	1.56E-15
10.29	1.56E-15
10.3	1.56E-15
10.31	1.56E-15
10.32	1.56E-15
10.33	1.56E-15
10.34	1.56E-15
10.35	1.56E-15
10.36	1.56E-15
10.37	1.56E-15
10.38	1.56E-15
10.39	1.56E-15
10.4	1.56E-15
10.41	1.56E-15
10.42	1.56E-15
10.43	1.56E-15
10.44	1.56E-15
10.45	1.56E-15
10.46	1.56E-15
10.47	1.56E-15
10.48	1.56E-15
10.49	1.57E-15
10.5	1.57E-15
10.51	1.57E-15
10.52	1.57E-15
10.53	1.57E-15
10.54	1.57E-15
10.55	1.57E-15
10.56	1.57E-15
10.57	1.57E-15
10.58	1.57E-15
10.59	1.57E-15
10.6	1.57E-15
10.61	1.57E-15
10.62	1.57E-15
10.63	1.57E-15
10.64	1.57E-15
10.65	1.57E-15
10.66	1.57E-15
10.67	1.57E-15
10.68	1.57E-15
10.69	1.57E-15
10.7	1.57E-15
10.71	1.57E-15
10.72	1.57E-15
10.73	1.57E-15
10.74	1.57E-15
10.75	1.58E-15
10.76	1.58E-15
10.77	1.58E-15
10.78	1.58E-15
10.79	1.58E-15
10.8	1.58E-15
10.81	1.58E-15
10.82	1.58E-15
10.83	1.58E-15
10.84	1.58E-15
10.85	1.58E-15
10.86	1.58E-15
10.87	1.58E-15
10.88	1.58E-15
10.89	1.58E-15
10.9	1.58E-15
10.91	1.58E-15
10.92	1.58E-15
10.93	1.58E-15
10.94	1.58E-15
10.95	1.58E-15
10.96	1.58E-15
10.97	1.58E-15
10.98	1.58E-15
10.99	1.58E-15
11	1.58E-15
11.01	1.58E-15
11.02	1.58E-15
11.03	1.58E-15
11.04	1.58E-15
11.05	1.58E-15
11.06	1.58E-15
11.07	1.58E-15
11.08	1.58E-15
11.09	1.58E-15
11.1	1.58E-15
11.11	1.58E-15
11.12	1.58E-15
11.13	1.58E-15
11.14	1.59E-15
11.15	1.59E-15
11.16	1.59E-15
11.17	1.59E-15
11.18	1.59E-15
11.19	1.59E-15
11.2	1.59E-15
11.21	1.59E-15
11.22	1.59E-15
11.23	1.59E-15
11.24	1.59E-15
11.25	1.59E-15
11.26	1.59E-15
11.27	1.59E-15
11.28	1.59E-15
11.29	1.59E-15
11.3	1.59E-15
11.31	1.59E-15
11.32	1.59E-15
11.33	1.59E-15
11.34	1.59E-15
11.35	1.59E-15
11.36	1.59E-15
11.37	1.59E-15
11.38	1.59E-15
11.39	1.59E-15
11.4	1.59E-15
11.41	1.59E-15
11.42	1.59E-15
11.43	1.59E-15
11.44	1.59E-15
11.45	1.59E-15
11.46	1.59E-15
11.47	1.59E-15
11.48	1.59E-15
11.49	1.59E-15
11.5	1.59E-15
11.51	1.59E-15
11.52	1.59E-15
11.53	1.59E-15
11.54	1.59E-15
11.55	1.59E-15
11.56	1.59E-15
11.57	1.59E-15
11.58	1.59E-15
11.59	1.59E-15
11.6	1.58E-15
11.61	1.58E-15
11.62	1.58E-15
11.63	1.58E-15
11.64	1.58E-15
11.65	1.58E-15
11.66	1.58E-15
11.67	1.58E-15
11.68	1.58E-15
11.69	1.58E-15
11.7	1.58E-15
11.71	1.58E-15
11.72	1.58E-15
11.73	1.58E-15
11.74	1.58E-15
11.75	1.58E-15
11.76	1.58E-15
11.77	1.58E-15
11.78	1.58E-15
11.79	1.58E-15
11.8	1.58E-15
11.81	1.58E-15
11.82	1.58E-15
11.83	1.58E-15
11.84	1.58E-15
11.85	1.58E-15
11.86	1.58E-15
11.87	1.58E-15
11.88	1.58E-15
11.89	1.58E-15
11.9	1.58E-15
11.91	1.58E-15
11.92	1.58E-15
11.93	1.58E-15
11.94	1.58E-15
11.95	1.58E-15
11.96	1.58E-15
11.97	1.58E-15
11.98	1.58E-15
11.99	1.58E-15
12	1.58E-15
12.01	1.58E-15
12.02	1.58E-15
12.03	1.58E-15
12.04	1.58E-15
12.05	1.57E-15
12.06	1.57E-15
12.07	1.57E-15
12.08	1.57E-15
12.09	1.57E-15
12.1	1.57E-15
12.11	1.57E-15
12.12	1.57E-15
12.13	1.57E-15
12.14	1.57E-15
12.15	1.57E-15
12.16	1.57E-15
12.17	1.57E-15
12.18	1.57E-15
12.19	1.57E-15
12.2	1.57E-15
12.21	1.57E-15
12.22	1.57E-15
12.23	1.57E-15
12.24	1.57E-15
12.25	1.57E-15
12.26	1.57E-15
12.27	1.57E-15
12.28	1.57E-15
12.29	1.57E-15
12.3	1.57E-15
12.31	1.57E-15
12.32	1.57E-15
12.33	1.57E-15
12.34	1.57E-15
12.35	1.57E-15
12.36	1.57E-15
12.37	1.57E-15
12.38	1.57E-15
12.39	1.57E-15
12.4	1.57E-15
12.41	1.57E-15
12.42	1.57E-15
12.43	1.57E-15
12.44	1.57E-15
12.45	1.57E-15
12.46	1.57E-15
12.47	1.57E-15
12.48	1.57E-15
12.49	1.57E-15
12.5	1.57E-15
12.51	1.57E-15
12.52	1.57E-15
12.53	1.57E-15
12.54	1.57E-15
12.55	1.57E-15
12.56	1.57E-15
12.57	1.57E-15
12.58	1.57E-15
12.59	1.57E-15
12.6	1.57E-15
12.61	1.57E-15
12.62	1.57E-15
12.63	1.57E-15
12.64	1.57E-15
12.65	1.57E-15
12.66	1.57E-15
12.67	1.57E-15
12.68	1.57E-15
12.69	1.57E-15
12.7	1.57E-15
12.71	1.57E-15
12.72	1.57E-15
12.73	1.57E-15
12.74	1.57E-15
12.75	1.57E-15
12.76	1.57E-15
12.77	1.56E-15
12.78	1.56E-15
12.79	1.56E-15
12.8	1.56E-15
12.81	1.56E-15
12.82	1.56E-15
12.83	1.56E-15
12.84	1.56E-15
12.85	1.56E-15
12.86	1.56E-15
12.87	1.56E-15
12.88	1.56E-15
12.89	1.56E-15
12.9	1.56E-15
12.91	1.56E-15
12.92	1.56E-15
12.93	1.56E-15
12.94	1.56E-15
12.95	1.56E-15
12.96	1.56E-15
12.97	1.56E-15
12.98	1.56E-15
12.99	1.56E-15
13	1.56E-15
13.01	1.56E-15
13.02	1.56E-15
13.03	1.56E-15
13.04	1.56E-15
13.05	1.56E-15
13.06	1.56E-15
13.07	1.56E-15
13.08	1.56E-15
13.09	1.56E-15
13.1	1.56E-15
13.11	1.56E-15
13.12	1.56E-15
13.13	1.56E-15
13.14	1.56E-15
13.15	1.56E-15
13.16	1.56E-15
13.17	1.56E-15
13.18	1.56E-15
13.19	1.56E-15
13.2	1.56E-15
13.21	1.56E-15
13.22	1.56E-15
13.23	1.56E-15
13.24	1.56E-15
13.25	1.56E-15
13.26	1.56E-15
13.27	1.56E-15
13.28	1.56E-15
13.29	1.56E-15
13.3	1.56E-15
13.31	1.56E-15
13.32	1.56E-15
13.33	1.56E-15
13.34	1.56E-15
13.35	1.56E-15
13.36	1.56E-15
13.37	1.56E-15
13.38	1.56E-15
13.39	1.56E-15
13.4	1.56E-15
13.41	1.56E-15
13.42	1.56E-15
13.43	1.56E-15
13.44	1.56E-15
13.45	1.56E-15
13.46	1.56E-15
13.47	1.56E-15
13.48	1.56E-15
13.49	1.56E-15
13.5	1.56E-15
13.51	1.56E-15
13.52	1.56E-15
13.53	1.56E-15
13.54	1.56E-15
13.55	1.56E-15
13.56	1.56E-15
13.57	1.56E-15
13.58	1.56E-15
13.59	1.56E-15
13.6	1.55E-15
13.61	1.55E-15
13.62	1.55E-15
13.63	1.55E-15
13.64	1.55E-15
13.65	1.55E-15
13.66	1.55E-15
13.67	1.55E-15
13.68	1.55E-15
13.69	1.55E-15
13.7	1.55E-15
13.71	1.55E-15
13.72	1.55E-15
13.73	1.55E-15
13.74	1.55E-15
13.75	1.55E-15
13.76	1.55E-15
13.77	1.55E-15
13.78	1.55E-15
13.79	1.55E-15
13.8	1.55E-15
13.81	1.55E-15
13.82	1.55E-15
13.83	1.55E-15
13.84	1.55E-15
13.85	1.55E-15
13.86	1.55E-15
13.87	1.55E-15
13.88	1.55E-15
13.89	1.55E-15
13.9	1.55E-15
13.91	1.55E-15
13.92	1.55E-15
13.93	1.55E-15
13.94	1.55E-15
13.95	1.55E-15
13.96	1.55E-15
13.97	1.55E-15
13.98	1.55E-15
13.99	1.55E-15
14	1.55E-15
14.01	1.54E-15
14.02	1.54E-15
14.03	1.54E-15
14.04	1.54E-15
14.05	1.54E-15
14.06	1.54E-15
14.07	1.54E-15
14.08	1.54E-15
14.09	1.54E-15
14.1	1.54E-15
14.11	1.54E-15
14.12	1.54E-15
14.13	1.54E-15
14.14	1.54E-15
14.15	1.54E-15
14.16	1.54E-15
14.17	1.54E-15
14.18	1.54E-15
14.19	1.54E-15
14.2	1.54E-15
14.21	1.54E-15
14.22	1.54E-15
14.23	1.54E-15
14.24	1.54E-15
14.25	1.54E-15
14.26	1.54E-15
14.27	1.54E-15
14.28	1.53E-15
14.29	1.53E-15
14.3	1.53E-15
14.31	1.53E-15
14.32	1.53E-15
14.33	1.53E-15
14.34	1.53E-15
14.35	1.53E-15
14.36	1.53E-15
14.37	1.53E-15
14.38	1.53E-15
14.39	1.53E-15
14.4	1.53E-15
14.41	1.53E-15
14.42	1.53E-15
14.43	1.53E-15
14.44	1.53E-15
14.45	1.53E-15
14.46	1.53E-15
14.47	1.53E-15
14.48	1.53E-15
14.49	1.53E-15
14.5	1.52E-15
14.51	1.52E-15
14.52	1.52E-15
14.53	1.52E-15
14.54	1.52E-15
14.55	1.52E-15
14.56	1.52E-15
14.57	1.52E-15
14.58	1.52E-15
14.59	1.52E-15
14.6	1.52E-15
14.61	1.52E-15
14.62	1.52E-15
14.63	1.52E-15
14.64	1.52E-15
14.65	1.52E-15
14.66	1.52E-15
14.67	1.52E-15
14.68	1.52E-15
14.69	1.52E-15
14.7	1.51E-15
14.71	1.51E-15
14.72	1.51E-15
14.73	1.51E-15
14.74	1.51E-15
14.75	1.51E-15
14.76	1.51E-15
14.77	1.51E-15
14.78	1.51E-15
14.79	1.51E-15
14.8	1.51E-15
14.81	1.51E-15
14.82	1.51E-15
14.83	1.51E-15
14.84	1.51E-15
14.85	1.51E-15
14.86	1.51E-15
14.87	1.51E-15
14.88	1.50E-15
14.89	1.50E-15
14.9	1.50E-15
14.91	1.50E-15
14.92	1.50E-15
14.93	1.50E-15
14.94	1.50E-15
14.95	1.50E-15
14.96	1.50E-15
14.97	1.50E-15
14.98	1.50E-15
14.99	1.50E-15
15	1.50E-15
15.01	1.50E-15
15.02	1.50E-15
15.03	1.50E-15
15.04	1.49E-15
15.05	1.49E-15
15.06	1.49E-15
15.07	1.49E-15
15.08	1.49E-15
15.09	1.49E-15
15.1	1.49E-15
15.11	1.49E-15
15.12	1.49E-15
15.13	1.49E-15
15.14	1.49E-15
15.15	1.49E-15
15.16	1.49E-15
15.17	1.49E-15
15.18	1.49E-15
15.19	1.49E-15
15.2	1.48E-15
15.21	1.48E-15
15.22	1.48E-15
15.23	1.48E-15
15.24	1.48E-15
15.25	1.48E-15
15.26	1.48E-15
15.27	1.48E-15
15.28	1.48E-15
15.29	1.48E-15
15.3	1.48E-15
15.31	1.48E-15
15.32	1.48E-15
15.33	1.48E-15
15.34	1.48E-15
15.35	1.48E-15
15.36	1.47E-15
15.37	1.47E-15
15.38	1.47E-15
15.39	1.47E-15
15.4	1.47E-15
15.41	1.47E-15
15.42	1.47E-15
15.43	1.47E-15
15.44	1.47E-15
15.45	1.47E-15
15.46	1.47E-15
15.47	1.47E-15
15.48	1.47E-15
15.49	1.47E-15
15.5	1.47E-15
15.51	1.46E-15
15.52	1.46E-15
15.53	1.46E-15
15.54	1.46E-15
15.55	1.46E-15
15.56	1.46E-15
15.57	1.46E-15
15.58	1.46E-15
15.59	1.46E-15
15.6	1.46E-15
15.61	1.46E-15
15.62	1.46E-15
15.63	1.46E-15
15.64	1.46E-15
15.65	1.46E-15
15.66	1.45E-15
15.67	1.45E-15
15.68	1.45E-15
15.69	1.45E-15
15.7	1.45E-15
15.71	1.45E-15
15.72	1.45E-15
15.73	1.45E-15
15.74	1.45E-15
15.75	1.45E-15
15.76	1.45E-15
15.77	1.45E-15
15.78	1.45E-15
15.79	1.45E-15
15.8	1.45E-15
15.81	1.44E-15
15.82	1.44E-15
15.83	1.44E-15
15.84	1.44E-15
15.85	1.44E-15
15.86	1.44E-15
15.87	1.44E-15
15.88	1.44E-15
15.89	1.44E-15
15.9	1.44E-15
15.91	1.44E-15
15.92	1.44E-15
15.93	1.44E-15
15.94	1.44E-15
15.95	1.44E-15
15.96	1.43E-15
15.97	1.43E-15
15.98	1.43E-15
15.99	1.43E-15
16	1.43E-15
16.01	1.43E-15
16.02	1.43E-15
16.03	1.43E-15
16.04	1.43E-15
16.05	1.43E-15
16.06	1.43E-15
16.07	1.43E-15
16.08	1.43E-15
16.09	1.43E-15
16.1	1.42E-15
16.11	1.42E-15
16.12	1.42E-15
16.13	1.42E-15
16.14	1.42E-15
16.15	1.42E-15
16.16	1.42E-15
16.17	1.42E-15
16.18	1.42E-15
16.19	1.42E-15
16.2	1.42E-15
16.21	1.42E-15
16.22	1.42E-15
16.23	1.42E-15
16.24	1.42E-15
16.25	1.41E-15
16.26	1.41E-15
16.27	1.41E-15
16.28	1.41E-15
16.29	1.41E-15
16.3	1.41E-15
16.31	1.41E-15
16.32	1.41E-15
16.33	1.41E-15
16.34	1.41E-15
16.35	1.41E-15
16.36	1.41E-15
16.37	1.41E-15
16.38	1.41E-15
16.39	1.41E-15
16.4	1.40E-15
16.41	1.40E-15
16.42	1.40E-15
16.43	1.40E-15
16.44	1.40E-15
16.45	1.40E-15
16.46	1.40E-15
16.47	1.40E-15
16.48	1.40E-15
16.49	1.40E-15
16.5	1.40E-15
16.51	1.40E-15
16.52	1.40E-15
16.53	1.40E-15
16.54	1.40E-15
16.55	1.39E-15
16.56	1.39E-15
16.57	1.39E-15
16.58	1.39E-15
16.59	1.39E-15
16.6	1.39E-15
16.61	1.39E-15
16.62	1.39E-15
16.63	1.39E-15
16.64	1.39E-15
16.65	1.39E-15
16.66	1.39E-15
16.67	1.39E-15
16.68	1.39E-15
16.69	1.39E-15
16.7	1.38E-15
16.71	1.38E-15
16.72	1.38E-15
16.73	1.38E-15
16.74	1.38E-15
16.75	1.38E-15
16.76	1.38E-15
16.77	1.38E-15
16.78	1.38E-15
16.79	1.38E-15
16.8	1.38E-15
16.81	1.38E-15
16.82	1.38E-15
16.83	1.38E-15
16.84	1.38E-15
16.85	1.38E-15
16.86	1.37E-15
16.87	1.37E-15
16.88	1.37E-15
16.89	1.37E-15
16.9	1.37E-15
16.91	1.37E-15
16.92	1.37E-15
16.93	1.37E-15
16.94	1.37E-15
16.95	1.37E-15
16.96	1.37E-15
16.97	1.37E-15
16.98	1.37E-15
16.99	1.37E-15
17	1.37E-15
17.01	1.36E-15
17.02	1.36E-15
17.03	1.36E-15
17.04	1.36E-15
17.05	1.36E-15
17.06	1.36E-15
17.07	1.36E-15
17.08	1.36E-15
17.09	1.36E-15
17.1	1.36E-15
17.11	1.36E-15
17.12	1.36E-15
17.13	1.36E-15
17.14	1.36E-15
17.15	1.36E-15
17.16	1.35E-15
17.17	1.35E-15
17.18	1.35E-15
17.19	1.35E-15
17.2	1.35E-15
17.21	1.35E-15
17.22	1.35E-15
17.23	1.35E-15
17.24	1.35E-15
17.25	1.35E-15
17.26	1.35E-15
17.27	1.35E-15
17.28	1.35E-15
17.29	1.35E-15
17.3	1.35E-15
17.31	1.34E-15
17.32	1.34E-15
17.33	1.34E-15
17.34	1.34E-15
17.35	1.34E-15
17.36	1.34E-15
17.37	1.34E-15
17.38	1.34E-15
17.39	1.34E-15
17.4	1.34E-15
17.41	1.34E-15
17.42	1.34E-15
17.43	1.34E-15
17.44	1.34E-15
17.45	1.34E-15
17.46	1.33E-15
17.47	1.33E-15
17.48	1.33E-15
17.49	1.33E-15
17.5	1.33E-15
17.51	1.33E-15
17.52	1.33E-15
17.53	1.33E-15
17.54	1.33E-15
17.55	1.33E-15
17.56	1.33E-15
17.57	1.33E-15
17.58	1.33E-15
17.59	1.33E-15
17.6	1.33E-15
17.61	1.32E-15
17.62	1.32E-15
17.63	1.32E-15
17.64	1.32E-15
17.65	1.32E-15
17.66	1.32E-15
17.67	1.32E-15
17.68	1.32E-15
17.69	1.32E-15
17.7	1.32E-15
17.71	1.32E-15
17.72	1.32E-15
17.73	1.32E-15
17.74	1.32E-15
17.75	1.31E-15
17.76	1.31E-15
17.77	1.31E-15
17.78	1.31E-15
17.79	1.31E-15
17.8	1.31E-15
17.81	1.31E-15
17.82	1.31E-15
17.83	1.31E-15
17.84	1.31E-15
17.85	1.31E-15
17.86	1.31E-15
17.87	1.31E-15
17.88	1.31E-15
17.89	1.31E-15
17.9	1.30E-15
17.91	1.30E-15
17.92	1.30E-15
17.93	1.30E-15
17.94	1.30E-15
17.95	1.30E-15
17.96	1.30E-15
17.97	1.30E-15
17.98	1.30E-15
17.99	1.30E-15
18	1.30E-15
18.01	1.30E-15
18.02	1.30E-15
18.03	1.30E-15
18.04	1.30E-15
18.05	1.29E-15
18.06	1.29E-15
18.07	1.29E-15
18.08	1.29E-15
18.09	1.29E-15
18.1	1.29E-15
18.11	1.29E-15
18.12	1.29E-15
18.13	1.29E-15
18.14	1.29E-15
18.15	1.29E-15
18.16	1.29E-15
18.17	1.29E-15
18.18	1.29E-15
18.19	1.28E-15
18.2	1.28E-15
18.21	1.28E-15
18.22	1.28E-15
18.23	1.28E-15
18.24	1.28E-15
18.25	1.28E-15
18.26	1.28E-15
18.27	1.28E-15
18.28	1.28E-15
18.29	1.28E-15
18.3	1.28E-15
18.31	1.28E-15
18.32	1.28E-15
18.33	1.27E-15
18.34	1.27E-15
18.35	1.27E-15
18.36	1.27E-15
18.37	1.27E-15
18.38	1.27E-15
18.39	1.27E-15
18.4	1.27E-15
18.41	1.27E-15
18.42	1.27E-15
18.43	1.27E-15
18.44	1.27E-15
18.45	1.27E-15
18.46	1.27E-15
18.47	1.27E-15
18.48	1.26E-15
18.49	1.26E-15
18.5	1.26E-15
18.51	1.26E-15
18.52	1.26E-15
18.53	1.26E-15
18.54	1.26E-15
18.55	1.26E-15
18.56	1.26E-15
18.57	1.26E-15
18.58	1.26E-15
18.59	1.26E-15
18.6	1.26E-15
18.61	1.26E-15
18.62	1.26E-15
18.63	1.25E-15
18.64	1.25E-15
18.65	1.25E-15
18.66	1.25E-15
18.67	1.25E-15
18.68	1.25E-15
18.69	1.25E-15
18.7	1.25E-15
18.71	1.25E-15
18.72	1.25E-15
18.73	1.25E-15
18.74	1.25E-15
18.75	1.25E-15
18.76	1.25E-15
18.77	1.25E-15
18.78	1.24E-15
18.79	1.24E-15
18.8	1.24E-15
18.81	1.24E-15
18.82	1.24E-15
18.83	1.24E-15
18.84	1.24E-15
18.85	1.24E-15
18.86	1.24E-15
18.87	1.24E-15
18.88	1.24E-15
18.89	1.24E-15
18.9	1.24E-15
18.91	1.24E-15
18.92	1.24E-15
18.93	1.24E-15
18.94	1.23E-15
18.95	1.23E-15
18.96	1.23E-15
18.97	1.23E-15
18.98	1.23E-15
18.99	1.23E-15
19	1.23E-15
19.01	1.23E-15
19.02	1.23E-15
19.03	1.23E-15
19.04	1.23E-15
19.05	1.23E-15
19.06	1.23E-15
19.07	1.23E-15
19.08	1.23E-15
19.09	1.23E-15
19.1	1.22E-15
19.11	1.22E-15
19.12	1.22E-15
19.13	1.22E-15
19.14	1.22E-15
19.15	1.22E-15
19.16	1.22E-15
19.17	1.22E-15
19.18	1.22E-15
19.19	1.22E-15
19.2	1.22E-15
19.21	1.22E-15
19.22	1.22E-15
19.23	1.22E-15
19.24	1.22E-15
19.25	1.22E-15
19.26	1.22E-15
19.27	1.22E-15
19.28	1.21E-15
19.29	1.21E-15
19.3	1.21E-15
19.31	1.21E-15
19.32	1.21E-15
19.33	1.21E-15
19.34	1.21E-15
19.35	1.21E-15
19.36	1.21E-15
19.37	1.21E-15
19.38	1.21E-15
19.39	1.21E-15
19.4	1.21E-15
19.41	1.21E-15
19.42	1.21E-15
19.43	1.21E-15
19.44	1.21E-15
19.45	1.21E-15
19.46	1.21E-15
19.47	1.20E-15
19.48	1.20E-15
19.49	1.20E-15
19.5	1.20E-15
19.51	1.20E-15
19.52	1.20E-15
19.53	1.20E-15
19.54	1.20E-15
19.55	1.20E-15
19.56	1.20E-15
19.57	1.20E-15
19.58	1.20E-15
19.59	1.20E-15
19.6	1.20E-15
19.61	1.20E-15
19.62	1.20E-15
19.63	1.20E-15
19.64	1.20E-15
19.65	1.20E-15
19.66	1.20E-15
19.67	1.20E-15
19.68	1.20E-15
19.69	1.20E-15
19.7	1.19E-15
19.71	1.19E-15
19.72	1.19E-15
19.73	1.19E-15
19.74	1.19E-15
19.75	1.19E-15
19.76	1.19E-15
19.77	1.19E-15
19.78	1.19E-15
19.79	1.19E-15
19.8	1.19E-15
19.81	1.19E-15
19.82	1.19E-15
19.83	1.19E-15
19.84	1.19E-15
19.85	1.19E-15
19.86	1.19E-15
19.87	1.19E-15
19.88	1.19E-15
19.89	1.19E-15
19.9	1.19E-15
19.91	1.19E-15
19.92	1.19E-15
19.93	1.19E-15
19.94	1.19E-15
19.95	1.19E-15
19.96	1.19E-15
19.97	1.19E-15
19.98	1.19E-15
19.99	1.18E-15
20	1.18E-15

