//1	2	1	1	0	0	0	0
//Energy[eV]	XS[cm2]
0	6.2700000000000113e-18
0.001	6.2676549379199584e-18
0.002	6.2653317273599589e-18
0.0030000000000000001	6.2630303318399594e-18
0.0040000000000000001	6.2607507148799591e-18
0.0050000000000000001	6.25849283999996e-18
0.0060000000000000001	6.25625667071996e-18
0.0070000000000000001	6.254042170559998e-18
0.0080000000000000002	6.2518493030399777e-18
0.0089999999999999993	6.2496780316799744e-18
0.01	6.2475283199999982e-18
0.010999999999999999	6.2454001315199986e-18
0.012	6.2432934297599982e-18
0.012999999999999999	6.2412081782399987e-18
0.014	6.2391443404799998e-18
0.014999999999999999	6.2371018800000001e-18
0.016	6.2350807603200007e-18
0.017000000000000001	6.2330809449600002e-18
0.017999999999999999	6.2311023974400014e-18
0.019	6.2291450812800012e-18
0.02	6.2272089600000179e-18
0.021000000000000001	6.2252939971200207e-18
0.021999999999999999	6.2234001561600201e-18
0.023	6.22152740064002e-18
0.024	6.2196756940800186e-18
0.025000000000000001	6.2178450000000182e-18
0.025999999999999999	6.2160352819200139e-18
0.027	6.2142465033600121e-18
0.028000000000000001	6.2124786278400084e-18
0.029000000000000001	6.2107316188800046e-18
0.029999999999999999	6.2090054400000186e-18
0.031	6.2073000547200178e-18
0.032000000000000001	6.2056154265600161e-18
0.033000000000000002	6.2039515190400147e-18
0.034000000000000002	6.2023082956800114e-18
0.035000000000000003	6.200685720000012e-18
0.035999999999999997	6.1990837555200082e-18
0.036999999999999998	6.1975023657600065e-18
0.037999999999999999	6.1959415142400056e-18
0.039	6.1944011644800027e-18
0.040000000000000001	6.192881280000008e-18
0.041000000000000002	6.1913818243200073e-18
0.042000000000000003	6.1899027609600077e-18
0.042999999999999997	6.1884440534400079e-18
0.043999999999999997	6.187005665280009e-18
0.044999999999999998	6.1855875600000082e-18
0.045999999999999999	6.1841897011200087e-18
0.047	6.1828120521600095e-18
0.048000000000000001	6.1814545766400098e-18
0.049000000000000002	6.1801172380800101e-18
0.050000000000000003	6.1788000000000098e-18
0.050999999999999997	6.17750282592001e-18
0.051999999999999998	6.1762256793600109e-18
0.052999999999999999	6.1749685238400104e-18
0.053999999999999999	6.1737313228800105e-18
0.055	6.1725140400000105e-18
0.056000000000000001	6.1713166387200116e-18
0.057000000000000002	6.1701390825600124e-18
0.058000000000000003	6.1689813350400125e-18
0.058999999999999997	6.1678433596800121e-18
0.059999999999999998	6.1667251200000586e-18
0.060999999999999999	6.1656265795200527e-18
0.062	6.1645477017600463e-18
0.063	6.1634884502400406e-18
0.064000000000000001	6.1624487884800288e-18
0.065000000000000002	6.1614286800000205e-18
0.066000000000000003	6.1604280883200136e-18
0.067000000000000004	6.1594469769600052e-18
0.068000000000000005	6.1584853094399981e-18
0.069000000000000006	6.1575430492799886e-18
0.070000000000000007	6.1566201599999946e-18
0.070999999999999994	6.1557166051199973e-18
0.071999999999999995	6.1548323481600015e-18
0.072999999999999995	6.1539673526400066e-18
0.073999999999999996	6.1531215820800115e-18
0.074999999999999997	6.1522950000000155e-18
0.075999999999999998	6.1514875699200191e-18
0.076999999999999999	6.1506992553600255e-18
0.078	6.1499300198400265e-18
0.079000000000000001	6.149179826880031e-18
0.080000000000000002	6.1484486399999959e-18
0.081000000000000003	6.1477364227199986e-18
0.082000000000000003	6.147043138560004e-18
0.083000000000000004	6.1463687510400069e-18
0.084000000000000005	6.145713223680013e-18
0.085000000000000006	6.1450765200000164e-18
0.085999999999999993	6.1444586035200212e-18
0.086999999999999994	6.1438594377600269e-18
0.087999999999999995	6.1432789862400292e-18
0.088999999999999996	6.1427172124800329e-18
0.089999999999999997	6.1421740800000953e-18
0.090999999999999998	6.141649552320092e-18
0.091999999999999998	6.141143592960087e-18
0.092999999999999999	6.14065616544008e-18
0.094	6.1401872332800703e-18
0.095000000000000001	6.1397367600000584e-18
0.096000000000000002	6.1393047091200451e-18
0.097000000000000003	6.1388910441600301e-18
0.098000000000000004	6.1384957286400151e-18
0.099000000000000005	6.1381187260799942e-18
0.10000000000000001	6.1377599999999446e-18
0.10100000000000001	6.1374195139199359e-18
0.10199999999999999	6.1370972313599275e-18
0.10299999999999999	6.1367931158399205e-18
0.104	6.1365071308799144e-18
0.105	6.1362392399999087e-18
0.106	6.1359894067199028e-18
0.107	6.135757594559897e-18
0.108	6.135543767039894e-18
0.109	6.1353478876798878e-18
0.11	6.1351699199998864e-18
0.111	6.1350098275198832e-18
0.112	6.1348675737598814e-18
0.113	6.1347431222398798e-18
0.114	6.1346364364798787e-18
0.115	6.1345474799998792e-18
0.11600000000000001	6.1344762163198768e-18
0.11700000000000001	6.134422608959878e-18
0.11799999999999999	6.13438662143988e-18
0.11899999999999999	6.1343682172798808e-18
0.12	6.1343673599998829e-18
0.121	6.1343840131198827e-18
0.122	6.1344181401598852e-18
0.123	6.1344697046398891e-18
0.124	6.1345386700798915e-18
0.125	6.1346249999998943e-18
0.126	6.1347286579198977e-18
0.127	6.1348496073599028e-18
0.128	6.1349878118399075e-18
0.129	6.1351432348799122e-18
0.13	6.1353158399999162e-18
0.13100000000000001	6.1355055907199222e-18
0.13200000000000001	6.1357124505599282e-18
0.13300000000000001	6.1359363830399336e-18
0.13400000000000001	6.1361773516799395e-18
0.13500000000000001	6.1364353199999446e-18
0.13600000000000001	6.1367102515199515e-18
0.13700000000000001	6.1370021097599581e-18
0.13800000000000001	6.137310858239964e-18
0.13900000000000001	6.137636460479971e-18
0.14000000000000001	6.1379788799999769e-18
0.14099999999999999	6.1383380803199837e-18
0.14199999999999999	6.1387140249599901e-18
0.14299999999999999	6.1391066774399986e-18
0.14399999999999999	6.1395160012800056e-18
0.14499999999999999	6.1399419600000115e-18
0.14599999999999999	6.1403845171200188e-18
0.14699999999999999	6.1408436361600254e-18
0.14799999999999999	6.1413192806400332e-18
0.14899999999999999	6.1418114140800379e-18
0.14999999999999999	6.1423200000000188e-18
0.151	6.1428450019200171e-18
0.152	6.1433863833600184e-18
0.153	6.1439441078400192e-18
0.154	6.1445181388800182e-18
0.155	6.1451084400000194e-18
0.156	6.1457149747200209e-18
0.157	6.1463377065600175e-18
0.158	6.1469765990400187e-18
0.159	6.1476316156800187e-18
0.16	6.1483027200000193e-18
0.161	6.1489898755200191e-18
0.16200000000000001	6.1496930457600208e-18
0.16300000000000001	6.1504121942400192e-18
0.16400000000000001	6.1511472844800178e-18
0.16500000000000001	6.151898280000019e-18
0.16600000000000001	6.1526651443200185e-18
0.16700000000000001	6.1534478409600213e-18
0.16800000000000001	6.1542463334400198e-18
0.16900000000000001	6.1550605852800182e-18
0.17000000000000001	6.1558905600000191e-18
0.17100000000000001	6.1567362211200204e-18
0.17199999999999999	6.1575975321600209e-18
0.17299999999999999	6.1584744566400201e-18
0.17399999999999999	6.1593669580800198e-18
0.17499999999999999	6.1602750000000209e-18
0.17599999999999999	6.1611985459200208e-18
0.17699999999999999	6.162137559360022e-18
0.17799999999999999	6.1630920038400201e-18
0.17899999999999999	6.16406184288002e-18
0.17999999999999999	6.1650470400000212e-18
0.18099999999999999	6.166047558720021e-18
0.182	6.1670633625600195e-18
0.183	6.1680944150400209e-18
0.184	6.1691406796800209e-18
0.185	6.1702021200000213e-18
0.186	6.1712786995200215e-18
0.187	6.1723703817600203e-18
0.188	6.1734771302400225e-18
0.189	6.1745989084800224e-18
0.19	6.1757356800000209e-18
0.191	6.1768874083200214e-18
0.192	6.1780540569600225e-18
0.193	6.1792355894400224e-18
0.19400000000000001	6.1804319692800227e-18
0.19500000000000001	6.1816431600000222e-18
0.19600000000000001	6.1828691251200227e-18
0.19700000000000001	6.1841098281600222e-18
0.19800000000000001	6.185365232640024e-18
0.19900000000000001	6.1866353020800238e-18
0.20000000000000001	6.1879199999999887e-18
0.20100000000000001	6.1892192899199868e-18
0.20200000000000001	6.1905331353599883e-18
0.20300000000000001	6.191861499839988e-18
0.20399999999999999	6.1932043468799871e-18
0.20499999999999999	6.1945616399999866e-18
0.20599999999999999	6.1959333427199874e-18
0.20699999999999999	6.197319418559986e-18
0.20799999999999999	6.1987198310399866e-18
0.20899999999999999	6.2001345436799856e-18
0.20999999999999999	6.201563519999987e-18
0.21099999999999999	6.2030067235199865e-18
0.21199999999999999	6.2044641177599867e-18
0.21299999999999999	6.2059356662399872e-18
0.214	6.2074213324799866e-18
0.215	6.2089210799999859e-18
0.216	6.210434872319987e-18
0.217	6.2119626729599856e-18
0.218	6.213504445439988e-18
0.219	6.2150601532799861e-18
0.22	6.216629759999987e-18
0.221	6.2182132291199872e-18
0.222	6.219810524159987e-18
0.223	6.2214216086399873e-18
0.224	6.2230464460799878e-18
0.22500000000000001	6.2246849999999862e-18
0.22600000000000001	6.2263372339199899e-18
0.22700000000000001	6.2280031113599876e-18
0.22800000000000001	6.2296825958399888e-18
0.22900000000000001	6.2313756508799875e-18
0.23000000000000001	6.2330822399999903e-18
0.23100000000000001	6.2348023267199888e-18
0.23200000000000001	6.2365358745599896e-18
0.23300000000000001	6.2382828470399906e-18
0.23400000000000001	6.240043207679989e-18
0.23499999999999999	6.2418169199999897e-18
0.23599999999999999	6.2436039475199898e-18
0.23699999999999999	6.2454042537599913e-18
0.23799999999999999	6.2472178022399911e-18
0.23899999999999999	6.2490445564799921e-18
0.23999999999999999	6.2508844799999928e-18
0.24099999999999999	6.2527375363199912e-18
0.24199999999999999	6.254603688959993e-18
0.24299999999999999	6.2564829014399931e-18
0.24399999999999999	6.2583751372799926e-18
0.245	6.2602803599999939e-18
0.246	6.2621985331199943e-18
0.247	6.2641296201599956e-18
0.248	6.2660735846399965e-18
0.249	6.2680303900799965e-18
0.25	6.2699999999999967e-18
0.251	6.2719823779199973e-18
0.252	6.2739774873599986e-18
0.253	6.2759852918399986e-18
0.254	6.2780057548799982e-18
0.255	6.2800388400000017e-18
0.25600000000000001	6.2820845107200001e-18
0.25700000000000001	6.2841427305600004e-18
0.25800000000000001	6.28621346304e-18
0.25900000000000001	6.2882966716800015e-18
0.26000000000000001	6.2903923200000019e-18
0.26100000000000001	6.2925003715200039e-18
0.26200000000000001	6.2946207897600024e-18
0.26300000000000001	6.2967535382400053e-18
0.26400000000000001	6.2988985804800059e-18
0.26500000000000001	6.3010558800000054e-18
0.26600000000000001	6.3032254003200071e-18
0.26700000000000002	6.3054071049600065e-18
0.26800000000000002	6.3076009574400079e-18
0.26900000000000002	6.3098069212800092e-18
0.27000000000000002	6.312024960000009e-18
0.27100000000000002	6.3142550371200101e-18
0.27200000000000002	6.3164971161600096e-18
0.27300000000000002	6.3187511606400108e-18
0.27400000000000002	6.3210171340800109e-18
0.27500000000000002	6.3232950000000118e-18
0.27600000000000002	6.3255847219200113e-18
0.27700000000000002	6.3278862633600129e-18
0.27800000000000002	6.330199587840013e-18
0.27900000000000003	6.3325246588800156e-18
0.28000000000000003	6.3348614400000149e-18
0.28100000000000003	6.3372098947200166e-18
0.28199999999999997	6.3395699865600171e-18
0.28299999999999997	6.3419416790400196e-18
0.28399999999999997	6.3443249356800184e-18
0.28499999999999998	6.3467197200000191e-18
0.28599999999999998	6.3491259955200204e-18
0.28699999999999998	6.3515437257600195e-18
0.28799999999999998	6.3539728742400221e-18
0.28899999999999998	6.356413404480023e-18
0.28999999999999998	6.3588652800000233e-18
0.29099999999999998	6.3613284643200232e-18
0.29199999999999998	6.3638029209600239e-18
0.29299999999999998	6.3662886134400255e-18
0.29399999999999998	6.3687855052800245e-18
0.29499999999999998	6.3712935600000257e-18
0.29599999999999999	6.3738127411200257e-18
0.29699999999999999	6.3763430121600269e-18
0.29799999999999999	6.3788843366400266e-18
0.29899999999999999	6.3814366780800304e-18
0.29999999999999999	6.3840000000000532e-18
0.30099999999999999	6.3865742659200538e-18
0.30199999999999999	6.3891594393600531e-18
0.30299999999999999	6.3917554838400529e-18
0.30399999999999999	6.3943623628800529e-18
0.30499999999999999	6.3969800400000516e-18
0.30599999999999999	6.399608478720051e-18
0.307	6.4022476425600489e-18
0.308	6.4048974950400495e-18
0.309	6.4075579996800478e-18
0.31	6.4102291200000476e-18
0.311	6.4129108195200464e-18
0.312	6.4156030617600467e-18
0.313	6.4183058102400455e-18
0.314	6.4210190284800434e-18
0.315	6.423742680000045e-18
0.316	6.426476728320043e-18
0.317	6.429221136960043e-18
0.318	6.4319758694400415e-18
0.31900000000000001	6.4347408892800395e-18
0.32000000000000001	6.437516160000038e-18
0.32100000000000001	6.4403016451200388e-18
0.32200000000000001	6.4430973081600385e-18
0.32300000000000001	6.4459031126400364e-18
0.32400000000000001	6.4487190220800374e-18
0.32500000000000001	6.4515450000000342e-18
0.32600000000000001	6.4543810099200354e-18
0.32700000000000001	6.4572270153600321e-18
0.32800000000000001	6.4600829798400315e-18
0.32900000000000001	6.4629488668800324e-18
0.33000000000000002	6.4658246400000303e-18
0.33100000000000002	6.4687102627200294e-18
0.33200000000000002	6.4716056985600291e-18
0.33300000000000002	6.4745109110400283e-18
0.33400000000000002	6.4774258636800249e-18
0.33500000000000002	6.4803505200000253e-18
0.33600000000000002	6.4832848435200244e-18
0.33700000000000002	6.4862287977600224e-18
0.33800000000000002	6.4891823462400212e-18
0.33900000000000002	6.4921454524800202e-18
0.34000000000000002	6.4951180800000213e-18
0.34100000000000003	6.4981001923200194e-18
0.34200000000000003	6.501091752960017e-18
0.34300000000000003	6.5040927254400152e-18
0.34399999999999997	6.507103073280015e-18
0.34499999999999997	6.5101227600000151e-18
0.34599999999999997	6.5131517491200143e-18
0.34699999999999998	6.5161900041600136e-18
0.34799999999999998	6.5192374886400102e-18
0.34899999999999998	6.5222941660800098e-18
0.34999999999999998	6.5253600000000087e-18
0.35099999999999998	6.5284349539200088e-18
0.35199999999999998	6.5315189913600066e-18
0.35299999999999998	6.5346120758400052e-18
0.35399999999999998	6.5377141708800059e-18
0.35499999999999998	6.5408252400000042e-18
0.35599999999999998	6.5439452467200043e-18
0.35699999999999998	6.5470741545600018e-18
0.35799999999999998	6.5502119270400001e-18
0.35899999999999999	6.5533585276800001e-18
0.35999999999999999	6.5565139199999992e-18
0.36099999999999999	6.5596780675199967e-18
0.36199999999999999	6.5628509337599969e-18
0.36299999999999999	6.5660324822399953e-18
0.36399999999999999	6.5692226764799946e-18
0.36499999999999999	6.5724214799999941e-18
0.36599999999999999	6.575628856319992e-18
0.36699999999999999	6.5788447689599923e-18
0.36799999999999999	6.5820691814399891e-18
0.36899999999999999	6.5853020572799889e-18
0.37	6.5885433599999896e-18
0.371	6.5917930531199869e-18
0.372	6.5950511001599864e-18
0.373	6.5983174646399853e-18
0.374	6.6015921100799846e-18
0.375	6.6048749999999816e-18
0.376	6.6081660979199811e-18
0.377	6.6114653673599819e-18
0.378	6.6147727718399803e-18
0.379	6.618088274879979e-18
0.38	6.6214118399999775e-18
0.38100000000000001	6.624743430719976e-18
0.38200000000000001	6.6280830105599748e-18
0.38300000000000001	6.6314305430399757e-18
0.38400000000000001	6.6347859916799728e-18
0.38500000000000001	6.6381493199999734e-18
0.38600000000000001	6.641520491519973e-18
0.38700000000000001	6.6448994697599696e-18
0.38800000000000001	6.6482862182399712e-18
0.38900000000000001	6.6516807004799696e-18
0.39000000000000001	6.6550828799999674e-18
0.39100000000000001	6.6584927203199671e-18
0.39200000000000002	6.6619101849599668e-18
0.39300000000000002	6.6653352374399681e-18
0.39400000000000002	6.6687678412799638e-18
0.39500000000000002	6.6722079599999648e-18
0.39600000000000002	6.6756555571199621e-18
0.39700000000000002	6.6791105961599631e-18
0.39800000000000002	6.6825730406399617e-18
0.39900000000000002	6.6860428540799605e-18
0.40000000000000002	6.6895200000000069e-18
0.40100000000000002	6.6930044419200048e-18
0.40200000000000002	6.6964961433600053e-18
0.40300000000000002	6.6999950678400048e-18
0.40400000000000003	6.7035011788800043e-18
0.40500000000000003	6.707014440000005e-18
0.40600000000000003	6.7105348147200039e-18
0.40699999999999997	6.714062266560003e-18
0.40799999999999997	6.717596759040004e-18
0.40899999999999997	6.7211382556800033e-18
0.40999999999999998	6.7246867200000019e-18
0.41099999999999998	6.7282421155200049e-18
0.41199999999999998	6.7318044057600046e-18
0.41299999999999998	6.7353735542400038e-18
0.41399999999999998	6.7389495244800018e-18
0.41499999999999998	6.7425322800000029e-18
0.41599999999999998	6.7461217843200027e-18
0.41699999999999998	6.749718000960003e-18
0.41799999999999998	6.7533208934400017e-18
0.41899999999999998	6.7569304252800021e-18
0.41999999999999998	6.7605465600000009e-18
0.42099999999999999	6.7641692611200011e-18
0.42199999999999999	6.7677984921600009e-18
0.42299999999999999	6.7714342166400005e-18
0.42399999999999999	6.7750763980800017e-18
0.42499999999999999	6.7787250000000009e-18
0.42599999999999999	6.7823799859200007e-18
0.42699999999999999	6.7860413193599998e-18
0.42799999999999999	6.7897089638399985e-18
0.42899999999999999	6.7933828828799987e-18
0.42999999999999999	6.7970630400000013e-18
0.43099999999999999	6.8007493987200004e-18
0.432	6.8044419225600002e-18
0.433	6.8081405750399979e-18
0.434	6.8118453196800006e-18
0.435	6.8155561199999995e-18
0.436	6.8192729395199978e-18
0.437	6.8229957417599965e-18
0.438	6.8267244902399991e-18
0.439	6.8304591484799997e-18
0.44	6.8341996799999976e-18
0.441	6.8379460483199995e-18
0.442	6.841698216959997e-18
0.443	6.8454561494399966e-18
0.44400000000000001	6.8492198092799963e-18
0.44500000000000001	6.8529891599999986e-18
0.44600000000000001	6.8567641651199977e-18
0.44700000000000001	6.8605447881599968e-18
0.44800000000000001	6.8643309926399948e-18
0.44900000000000001	6.8681227420799965e-18
0.45000000000000001	6.8719199999999952e-18
0.45100000000000001	6.8757227299199952e-18
0.45200000000000001	6.8795308953599942e-18
0.45300000000000001	6.8833444598399958e-18
0.45400000000000001	6.8871633868799947e-18
0.45500000000000002	6.8909876399999951e-18
0.45600000000000002	6.8948171827199941e-18
0.45700000000000002	6.8986519785599944e-18
0.45800000000000002	6.9024919910399939e-18
0.45900000000000002	6.9063371836799929e-18
0.46000000000000002	6.9101875199999932e-18
0.46100000000000002	6.9140429635199943e-18
0.46200000000000002	6.9179034777599925e-18
0.46300000000000002	6.9217690262399937e-18
0.46400000000000002	6.9256395724799933e-18
0.46500000000000002	6.9295150799999933e-18
0.46600000000000003	6.9333955123199923e-18
0.46700000000000003	6.937280832959993e-18
0.46800000000000003	6.9411710054399925e-18
0.46899999999999997	6.9450659932799895e-18
0.46999999999999997	6.9489657599999921e-18
0.47099999999999997	6.952870269119992e-18
0.47199999999999998	6.9567794841599918e-18
0.47299999999999998	6.9606933686399894e-18
0.47399999999999998	6.9646118860799906e-18
0.47499999999999998	6.9685349999999902e-18
0.47599999999999998	6.9724626739199907e-18
0.47699999999999998	6.9763948713599887e-18
0.47799999999999998	6.9803315558399881e-18
0.47899999999999998	6.9842726908799901e-18
0.47999999999999998	6.988218239999988e-18
0.48099999999999998	6.992168166719989e-18
0.48199999999999998	6.996122434559988e-18
0.48299999999999998	7.0000810070399891e-18
0.48399999999999999	7.0040438476799887e-18
0.48499999999999999	7.0080109199999863e-18
0.48599999999999999	7.0119821875199876e-18
0.48699999999999999	7.0159576137599889e-18
0.48799999999999999	7.0199371622399868e-18
0.48899999999999999	7.0239207964799868e-18
0.48999999999999999	7.0279084799999885e-18
0.49099999999999999	7.0319001763199868e-18
0.49199999999999999	7.0358958489599857e-18
0.49299999999999999	7.0398954614399848e-18
0.49399999999999999	7.0438989772799867e-18
0.495	7.0479063599999861e-18
0.496	7.0519175731199843e-18
0.497	7.0559325801599852e-18
0.498	7.0599513446399853e-18
0.499	7.0639738300799842e-18
0.5	7.0679999999999473e-18
0.501	7.0685735821669608e-18
0.502	7.0691882431223001e-18
0.503	7.0698468585737373e-18
0.504	7.0705523096105337e-18
0.505	7.0713074827199592e-18
0.50600000000000001	7.0721152698040219e-18
0.50700000000000001	7.0729785681964595e-18
0.50800000000000001	7.0739002806799215e-18
0.50900000000000001	7.0748833155034151e-18
0.51000000000000001	7.0759305863999714e-18
0.51100000000000001	7.0770450126045225e-18
0.51200000000000001	7.0782295188720597e-18
0.51300000000000001	7.0794870354959475e-18
0.51400000000000001	7.0808204983265365e-18
0.51500000000000001	7.0822328487899815e-18
0.51600000000000001	7.0837270339072641e-18
0.51700000000000002	7.0853060063134978e-18
0.51800000000000002	7.0869727242774106e-18
0.51900000000000002	7.0887301517210978e-18
0.52000000000000002	7.0905812582399913e-18
0.52100000000000002	7.0925290191230448e-18
0.52200000000000002	7.0945764153731767e-18
0.52300000000000002	7.0967264337279128e-18
0.52400000000000002	7.0989820666803016e-18
0.52500000000000002	7.101346312500003e-18
0.52600000000000002	7.1038221752546645e-18
0.52700000000000002	7.1064126648314941e-18
0.52800000000000002	7.1091207969590566e-18
0.52900000000000003	7.1119495932293424e-18
0.53000000000000003	7.1149020811200117e-18
0.53100000000000003	7.1179812940169244e-18
0.53200000000000003	7.1211902712368497e-18
0.53300000000000003	7.1245320580504381e-18
0.53400000000000003	7.128009705705422e-18
0.53500000000000003	7.1316262714500199e-18
0.53600000000000003	7.1353848185566248e-18
0.53700000000000003	7.1392884163456479e-18
0.53800000000000003	7.1433401402096614e-18
0.53900000000000003	7.1475430716377396e-18
0.54000000000000004	7.1519002982400291e-18
0.54100000000000004	7.1564149137725622e-18
0.54200000000000004	7.1610900181622788e-18
0.54300000000000004	7.1659287175323224e-18
0.54400000000000004	7.1709341242274978e-18
0.54500000000000004	7.1761093568400381e-18
0.54600000000000004	7.1814575402355375e-18
0.54700000000000004	7.1869818055791547e-18
0.54800000000000004	7.1926852903620206e-18
0.54900000000000004	7.1985711384278925e-18
0.55000000000000004	7.2046425000000441e-18
0.55100000000000005	7.2109025317083537e-18
0.55200000000000005	7.2173543966166658e-18
0.55300000000000005	7.224001264250357e-18
0.55400000000000005	7.230846310624128e-18
0.55500000000000005	7.237892718270046e-18
0.55600000000000005	7.2451436762658074e-18
0.55700000000000005	7.2526023802632164e-18
0.55800000000000005	7.2602720325169324e-18
0.55900000000000005	7.2681558419134019e-18
0.56000000000000005	7.2762570239999912e-18
0.56100000000000005	7.2860979960108732e-18
0.56200000000000006	7.2961349147042812e-18
0.56299999999999994	7.3063671399442395e-18
0.56399999999999995	7.316794030614762e-18
0.56499999999999995	7.3274149446199896e-18
0.56599999999999995	7.3382292388842287e-18
0.56699999999999995	7.3492362693519388e-18
0.56799999999999995	7.3604353909876229e-18
0.56899999999999995	7.3718259577756461e-18
0.56999999999999995	7.3834073227199919e-18
0.57099999999999995	7.3951788378439094e-18
0.57199999999999995	7.4071398541895189e-18
0.57299999999999995	7.4192897218173281e-18
0.57399999999999995	7.4316277898056529e-18
0.57499999999999996	7.4441534062499916e-18
0.57599999999999996	7.4568659182623056e-18
0.57699999999999996	7.469764671970218e-18
0.57799999999999996	7.4828490125161495e-18
0.57899999999999996	7.4961182840563784e-18
0.57999999999999996	7.5095718297599943e-18
0.58099999999999996	7.5232089918078247e-18
0.58199999999999996	7.5370291113912356e-18
0.58299999999999996	7.5510315287108948e-18
0.58399999999999996	7.5652155829754204e-18
0.58499999999999996	7.5795806123999975e-18
0.58599999999999997	7.5941259542048618e-18
0.58699999999999997	7.6088509446137774e-18
0.58799999999999997	7.6237549188523591e-18
0.58899999999999997	7.6388372111463853e-18
0.58999999999999997	7.654097154719998e-18
0.59099999999999997	7.6695340817938205e-18
0.59199999999999997	7.685147323583036e-18
0.59299999999999997	7.7009362102953441e-18
0.59399999999999997	7.7169000711288693e-18
0.59499999999999997	7.7330382342699986e-18
0.59599999999999997	7.7493500268910999e-18
0.59699999999999998	7.7658347751482157e-18
0.59799999999999998	7.7824918041786455e-18
0.59899999999999998	7.799320438098479e-18
0.59999999999999998	7.8163199999999785e-18
0.60099999999999998	7.8340960136747646e-18
0.60199999999999998	7.8520592635792454e-18
0.60299999999999998	7.8702082009362022e-18
0.60399999999999998	7.8885412741637489e-18
0.60499999999999998	7.9070569288649774e-18
0.60599999999999998	7.925753607817472e-18
0.60699999999999998	7.9446297509626928e-18
0.60799999999999998	7.9636837953951888e-18
0.60899999999999999	7.982914175351683e-18
0.60999999999999999	8.0023193221999763e-18
0.61099999999999999	8.0218976644277567e-18
0.61199999999999999	8.0416476276312229e-18
0.61299999999999999	8.0615676345035608e-18
0.61399999999999999	8.0816561048232969e-18
0.61499999999999999	8.101911455442475e-18
0.61599999999999999	8.1223321002747244e-18
0.61699999999999999	8.1429164502831343e-18
0.61799999999999999	8.1636629134680095e-18
0.61899999999999999	8.1845698948544875e-18
0.62	8.2056357964799753e-18
0.621	8.226859017381472e-18
0.622	8.2482379535827238e-18
0.623	8.2697709980812414e-18
0.624	8.2914565408351612e-18
0.625	8.3132929687499769e-18
0.626	8.3352786656650991e-18
0.627	8.3574120123402977e-18
0.628	8.3796913864419509e-18
0.629	8.4021151625292124e-18
0.63	8.4246817120399782e-18
0.63100000000000001	8.4473894032767089e-18
0.63200000000000001	8.470236601392147e-18
0.63300000000000001	8.4932216683748413e-18
0.63400000000000001	8.5163429630345485e-18
0.63500000000000001	8.5395988409874793e-18
0.63600000000000001	8.5629876546413991e-18
0.63700000000000001	8.586507753180578e-18
0.63800000000000001	8.6101574825506115e-18
0.63900000000000001	8.6339351854430625e-18
0.64000000000000001	8.6578392012799813e-18
0.64100000000000001	8.6818678661982668e-18
0.64200000000000002	8.7060195130338929e-18
0.64300000000000002	8.7302924713059629e-18
0.64400000000000002	8.7546850672006582e-18
0.64500000000000002	8.7791956235549835e-18
0.64600000000000002	8.8038224598404147e-18
0.64700000000000002	8.8285638921463824e-18
0.64800000000000002	8.8534182331635961e-18
0.64900000000000002	8.8783837921672334e-18
0.65000000000000002	8.9034588749999841e-18
0.65100000000000002	8.9286417840549462e-18
0.65200000000000002	8.9539308182583574e-18
0.65300000000000002	8.9793242730522095e-18
0.65400000000000003	9.004820440376688e-18
0.65500000000000003	9.0304176086524865e-18
0.65600000000000003	9.0561140627629569e-18
0.65700000000000003	9.0819080840361105e-18
0.65800000000000003	9.1077979502265019e-18
0.65900000000000003	9.1337819354969232e-18
0.66000000000000003	9.1598583103999911e-18
0.66100000000000003	9.1860253418595466e-18
0.66200000000000003	9.2122812931519428e-18
0.66300000000000003	9.2386244238871722e-18
0.66400000000000003	9.2650529899898419e-18
0.66500000000000004	9.2915652436799927e-18
0.66600000000000004	9.3181594334538148e-18
0.66700000000000004	9.3448338040641552e-18
0.66800000000000004	9.3715865965009261e-18
0.66900000000000004	9.3984160479713349e-18
0.67000000000000004	9.4253203918799941e-18
0.67100000000000004	9.4522978578088676e-18
0.67200000000000004	9.4793466714970494e-18
0.67300000000000004	9.5064650548204599e-18
0.67400000000000004	9.5336512257713081e-18
0.67500000000000004	9.5609033984374976e-18
0.67600000000000005	9.5882197829817956e-18
0.67700000000000005	9.6155985856209226e-18
0.67800000000000005	9.6430380086044728e-18
0.67900000000000005	9.670536250193666e-18
0.68000000000000005	9.6980915046400024e-18
0.68100000000000005	9.7257019621637038e-18
0.68200000000000005	9.7533658089320775e-18
0.68300000000000005	9.7810812270376656e-18
0.68400000000000005	9.8088463944763025e-18
0.68500000000000005	9.8366594851250045e-18
0.68600000000000005	9.8645186687196949e-18
0.68700000000000006	9.8924221108328108e-18
0.68799999999999994	9.9203679728507328e-18
0.68899999999999995	9.948354411951116e-18
0.68999999999999995	9.9763795810800055e-18
0.69099999999999995	1.0004441628928865e-17
0.69199999999999995	1.003253869991142e-17
0.69299999999999995	1.0060668934140384e-17
0.69399999999999995	1.008883046740401e-17
0.69499999999999995	1.0117021431142509e-17
0.69599999999999995	1.0145239952424316e-17
0.69699999999999995	1.0173484153922215e-17
0.69799999999999995	1.0201752153889321e-17
0.69899999999999995	1.0230042066134886e-17
0.69999999999999996	1.0258352000000063e-17
0.70099999999999996	1.028119820068214e-17
0.70199999999999996	1.0304057397816703e-17
0.70299999999999996	1.0326930966453014e-17
0.70399999999999996	1.034982028487491e-17
0.70499999999999996	1.0372726734616057e-17
0.70599999999999996	1.039565170047535e-17
0.70699999999999996	1.0418596570532385e-17
0.70799999999999996	1.0441562736163017e-17
0.70899999999999996	1.0464551592055067e-17
0.70999999999999996	1.0487564536224053e-17
0.71099999999999997	1.0510602970029093e-17
0.71199999999999997	1.0533668298188835e-17
0.71299999999999997	1.055676192879755e-17
0.71399999999999997	1.057988527334127e-17
0.71499999999999997	1.0603039746714049e-17
0.71599999999999997	1.0626226767234318e-17
0.71699999999999997	1.0649447756661335e-17
0.71799999999999997	1.067270414021173e-17
0.71899999999999997	1.0695997346576165e-17
0.71999999999999997	1.0719328807936046e-17
0.72099999999999997	1.0742699959980392e-17
0.72199999999999998	1.0766112241922758e-17
0.72299999999999998	1.0789567096518282e-17
0.72399999999999998	1.0813065970080783e-17
0.72499999999999998	1.0836610312500041e-17
0.72599999999999998	1.0860201577259071e-17
0.72699999999999998	1.0883841221451592e-17
0.72799999999999998	1.0907530705799513e-17
0.72899999999999998	1.093127149467057e-17
0.72999999999999998	1.0955065056096034e-17
0.73099999999999998	1.097891286178852e-17
0.73199999999999998	1.1002816387159917e-17
0.73299999999999998	1.1026777111339358e-17
0.73399999999999999	1.1050796517191366e-17
0.73499999999999999	1.1074876091334028e-17
0.73599999999999999	1.1099017324157298e-17
0.73699999999999999	1.1123221709841403e-17
0.73799999999999999	1.1147490746375329e-17
0.73899999999999999	1.117182593557541e-17
0.73999999999999999	1.1196228783104018e-17
0.74099999999999999	1.1220700798488362e-17
0.74199999999999999	1.124524349513934e-17
0.74299999999999999	1.1269858390370548e-17
0.74399999999999999	1.129454700541734e-17
0.745	1.1319310865456012e-17
0.746	1.1344151499623074e-17
0.747	1.1369070441034604e-17
0.748	1.1394069226805733e-17
0.749	1.14191493980702e-17
0.75	1.1444312499999905e-17
0.751	1.1470098206253298e-17
0.752	1.1495971581144566e-17
0.753	1.1521934136892771e-17
0.754	1.1547987389761104e-17
0.755	1.1574132860074649e-17
0.75600000000000001	1.1600372072238118e-17
0.75700000000000001	1.1626706554753568e-17
0.75800000000000001	1.165313784023809e-17
0.75900000000000001	1.167966746544149e-17
0.76000000000000001	1.1706296971263895e-17
0.76100000000000001	1.1733027902773407e-17
0.76200000000000001	1.175986180922368e-17
0.76300000000000001	1.1786800244071482e-17
0.76400000000000001	1.1813844764994262e-17
0.76500000000000001	1.1840996933907639e-17
0.76600000000000001	1.1868258316982923e-17
0.76700000000000002	1.1895630484664575e-17
0.76800000000000002	1.192311501168766e-17
0.76900000000000002	1.1950713477095261e-17
0.77000000000000002	1.1978427464255883e-17
0.77100000000000002	1.2006258560880829e-17
0.77200000000000002	1.2034208359041545e-17
0.77300000000000002	1.2062278455186952e-17
0.77400000000000002	1.2090470450160734e-17
0.77500000000000002	1.2118785949218629e-17
0.77600000000000002	1.214722656204568e-17
0.77700000000000002	1.2175793902773461e-17
0.77800000000000002	1.2204489589997262e-17
0.77900000000000003	1.223331524679331e-17
0.78000000000000003	1.2262272500735875e-17
0.78100000000000003	1.2291362983914444e-17
0.78200000000000003	1.2320588332950803e-17
0.78300000000000003	1.2349950189016128e-17
0.78400000000000003	1.2379450197848034e-17
0.78500000000000003	1.240909000976762e-17
0.78600000000000003	1.2438871279696476e-17
0.78700000000000003	1.2468795667173657e-17
0.78800000000000003	1.2498864836372658e-17
0.78900000000000003	1.2529080456118346e-17
0.79000000000000004	1.255944419990387e-17
0.79100000000000004	1.2589957745907536e-17
0.79200000000000004	1.2620622777009699e-17
0.79300000000000004	1.2651440980809583e-17
0.79400000000000004	1.2682414049642088e-17
0.79500000000000004	1.2713543680594615e-17
0.79600000000000004	1.274483157552378e-17
0.79700000000000004	1.2776279441072206e-17
0.79800000000000004	1.2807888988685211e-17
0.79900000000000004	1.28396619346275e-17
0.80000000000000004	1.2871600000000006e-17
0.80100000000000005	1.2907875468198311e-17
0.80200000000000005	1.2944323073848181e-17
0.80300000000000005	1.2980942056714325e-17
0.80400000000000005	1.3017731654125818e-17
0.80500000000000005	1.3054691100961255e-17
0.80600000000000005	1.309181962963384e-17
0.80700000000000005	1.3129116470076538e-17
0.80800000000000005	1.3166580849727246e-17
0.80900000000000005	1.3204211993513968e-17
0.81000000000000005	1.3242009123840004e-17
0.81100000000000005	1.3279971460569186e-17
0.81200000000000006	1.3318098221011107e-17
0.81299999999999994	1.3356388619906384e-17
0.81399999999999995	1.3394841869411929e-17
0.81499999999999995	1.3433457179086249e-17
0.81599999999999995	1.3472233755874753e-17
0.81699999999999995	1.3511170804095101e-17
0.81799999999999995	1.3550267525422547e-17
0.81899999999999995	1.3589523118875314e-17
0.81999999999999995	1.3628936780799993e-17
0.82099999999999995	1.3668507704856938e-17
0.82199999999999995	1.3708235082005708e-17
0.82299999999999995	1.3748118100490528e-17
0.82399999999999995	1.3788155945825722e-17
0.82499999999999996	1.3828347800781238e-17
0.82599999999999996	1.3868692845368146e-17
0.82699999999999996	1.3909190256824146e-17
0.82799999999999996	1.3949839209599129e-17
0.82899999999999996	1.3990638875340743e-17
0.82999999999999996	1.4031588422879989e-17
0.83099999999999996	1.4072687018216773e-17
0.83199999999999996	1.4113933824505595e-17
0.83299999999999996	1.4155328002041149e-17
0.83399999999999996	1.4196868708243994e-17
0.83499999999999996	1.4238555097646235e-17
0.83599999999999997	1.4280386321877224e-17
0.83699999999999997	1.4322361529649266e-17
0.83799999999999997	1.4364479866743389e-17
0.83899999999999997	1.440674047599506e-17
0.83999999999999997	1.444914249727998e-17
0.84099999999999997	1.4491685067499889e-17
0.84199999999999997	1.4534367320568359e-17
0.84299999999999997	1.4577188387396651e-17
0.84399999999999997	1.4620147395879545e-17
0.84499999999999997	1.4663243470881231e-17
0.84599999999999997	1.4706475734221172e-17
0.84699999999999998	1.4749843304660067e-17
0.84799999999999998	1.4793345297885727e-17
0.84899999999999998	1.4836980826499049e-17
0.84999999999999998	1.488074899999997e-17
0.85099999999999998	1.4924648924773482e-17
0.85199999999999998	1.4968679704075604e-17
0.85299999999999998	1.501284043801943e-17
0.85399999999999998	1.5057130223561175e-17
0.85499999999999998	1.5101548154486218e-17
0.85599999999999998	1.5146093321395206e-17
0.85699999999999998	1.5190764811690151e-17
0.85799999999999998	1.523556170956055e-17
0.85899999999999999	1.5280483095969519e-17
0.85999999999999999	1.5325528048639961e-17
0.86099999999999999	1.5370695642040756e-17
0.86199999999999999	1.5415984947372924e-17
0.86299999999999999	1.5461395032555893e-17
0.86399999999999999	1.5506924962213683e-17
0.86499999999999999	1.5552573797661207e-17
0.86599999999999999	1.5598340596890522e-17
0.86699999999999999	1.5644224414557119e-17
0.86799999999999999	1.5690224301966255e-17
0.86899999999999999	1.5736339307059272e-17
0.87	1.5782568474399955e-17
0.871	1.5828910845160908e-17
0.872	1.5875365457109933e-17
0.873	1.592193134459643e-17
0.874	1.5968607538537875e-17
0.875	1.6015393066406204e-17
0.876	1.6062286952214313e-17
0.877	1.6109288216502565e-17
0.878	1.6156395876325238e-17
0.879	1.62036089452371e-17
0.88	1.6250926433279954e-17
0.88100000000000001	1.6298347346969144e-17
0.88200000000000001	1.6345870689280212e-17
0.88300000000000001	1.6393495459635457e-17
0.88400000000000001	1.6441220653890549e-17
0.88500000000000001	1.6489045264321196e-17
0.88600000000000001	1.6536968279609792e-17
0.88700000000000001	1.6584988684832085e-17
0.88800000000000001	1.66331054614439e-17
0.88900000000000001	1.6681317587267815e-17
0.89000000000000001	1.6729624036479946e-17
0.89100000000000001	1.6778023779596659e-17
0.89200000000000002	1.6826515783461377e-17
0.89300000000000002	1.687509901123136e-17
0.89400000000000002	1.6923772422364499e-17
0.89500000000000002	1.697253497260619e-17
0.89600000000000002	1.7021385613976147e-17
0.89700000000000002	1.7070323294755295e-17
0.89800000000000002	1.7119346959472639e-17
0.89900000000000002	1.7168455548892208e-17
0.90000000000000002	1.7217647999999943e-17
0.90100000000000002	1.7264847543675424e-17
0.90200000000000002	1.7312126791864812e-17
0.90300000000000002	1.7359485913827378e-17
0.90400000000000003	1.7406925078937765e-17
0.90500000000000003	1.7454444456686553e-17
0.90600000000000003	1.7502044216680762e-17
0.90700000000000003	1.754972452864438e-17
0.90800000000000003	1.7597485562418905e-17
0.90900000000000003	1.7645327487963835e-17
0.91000000000000003	1.7693250475357219e-17
0.91100000000000003	1.7741254694796161e-17
0.91200000000000003	1.7789340316597356e-17
0.91300000000000003	1.783750751119759e-17
0.91400000000000003	1.7885756449154274e-17
0.91500000000000004	1.793408730114594e-17
0.91600000000000004	1.7982500237972795e-17
0.91700000000000004	1.8030995430557207e-17
0.91800000000000004	1.807957304994421e-17
0.91900000000000004	1.8128233267302063e-17
0.92000000000000004	1.8176976253922718e-17
0.92100000000000004	1.8225802181222359e-17
0.92200000000000004	1.827471122074189e-17
0.92300000000000004	1.8323703544147474e-17
0.92400000000000004	1.837277932323102e-17
0.92500000000000004	1.8421938729910697e-17
0.92600000000000005	1.8471181936231461e-17
0.92700000000000005	1.8520509114365535e-17
0.92800000000000005	1.856992043661292e-17
0.92900000000000005	1.861941607540191e-17
0.93000000000000005	1.8668996203289594e-17
0.93100000000000005	1.8718660992962363e-17
0.93200000000000005	1.8768410617236389e-17
0.93300000000000005	1.8818245249058162e-17
0.93400000000000005	1.886816506150497e-17
0.93500000000000005	1.8918170227785405e-17
0.93600000000000005	1.896826092123985e-17
0.93700000000000006	1.9018437315340996e-17
0.93799999999999994	1.9068699583694315e-17
0.93899999999999995	1.9119047900038602e-17
0.93999999999999995	1.9169482438246412e-17
0.94099999999999995	1.9220003372324593e-17
0.94199999999999995	1.9270610876414763e-17
0.94299999999999995	1.9321305124793821e-17
0.94399999999999995	1.9372086291874427e-17
0.94499999999999995	1.9422954552205472e-17
0.94599999999999995	1.9473910080472623e-17
0.94699999999999995	1.9524953051498757e-17
0.94799999999999995	1.9576083640244474e-17
0.94899999999999995	1.9627302021808589e-17
0.94999999999999996	1.9678608371428602e-17
0.95099999999999996	1.9730002864481208e-17
0.95199999999999996	1.9781485676482762e-17
0.95299999999999996	1.9833056983089763e-17
0.95399999999999996	1.9884716960099353e-17
0.95499999999999996	1.9936465783449784e-17
0.95599999999999996	1.9988303629220911e-17
0.95699999999999996	2.0040230673634661e-17
0.95799999999999996	2.0092247093055516e-17
0.95899999999999996	2.0144353063991009e-17
0.95999999999999996	2.0196548763092166e-17
0.96099999999999997	2.0248834367154029e-17
0.96199999999999997	2.0301210053116093e-17
0.96299999999999997	2.03536759980628e-17
0.96399999999999997	2.0406232379224008e-17
0.96499999999999997	2.0458879373975463e-17
0.96599999999999997	2.0511617159839284e-17
0.96699999999999997	2.0564445914484425e-17
0.96799999999999997	2.0617365815727141e-17
0.96899999999999997	2.0670377041531466e-17
0.96999999999999997	2.072347977000968e-17
0.97099999999999997	2.0776674179422775e-17
0.97199999999999998	2.0829960448180934e-17
0.97299999999999998	2.0883338754843985e-17
0.97399999999999998	2.0936809278121862e-17
0.97499999999999998	2.0990372196875095e-17
0.97599999999999998	2.104402769011523e-17
0.97699999999999998	2.1097775937005344e-17
0.97799999999999998	2.1151617116860486e-17
0.97899999999999998	2.1205551409148096e-17
0.97999999999999998	2.1259578993488554e-17
0.98099999999999998	2.1313700049655565e-17
0.98199999999999998	2.1367914757576636e-17
0.98299999999999998	2.1422223297333545e-17
0.98399999999999999	2.1476625849162801e-17
0.98499999999999999	2.1531122593456089e-17
0.98599999999999999	2.1585713710760719e-17
0.98699999999999999	2.1640399381780103e-17
0.98799999999999999	2.1695179787374187e-17
0.98899999999999999	2.1750055108559912e-17
0.98999999999999999	2.180502552651167e-17
0.99099999999999999	2.1860091222561746e-17
0.99199999999999999	2.1915252378200765e-17
0.99299999999999999	2.1970509175078164e-17
0.99399999999999999	2.2025861795002605e-17
0.995	2.2081310419942453e-17
0.996	2.2136855232026228e-17
0.997	2.2192496413542979e-17
0.998	2.224823414694285e-17
0.999	2.2304068614837415e-17
1	2.2359999999999912e-17
1.1000000000000001	2.8181139692307664e-17
1.2	3.5258982892307736e-17
1.3	4.4263504615384722e-17
1.3999999999999999	5.6005485128205104e-17
1.5	7.144599999999894e-17
1.6000000000000001	9.1943448749011413e-17
1.7	1.1729273253926011e-16
1.8	1.4823242977523908e-16
1.8999999999999999	1.8679424010723156e-16
2	2.3532600000000316e-16
2.1000000000000001	3.000938026808446e-16
2.2000000000000002	3.8357900256114406e-16
2.2999999999999998	4.9376725198449551e-16
2.3999999999999999	6.3344846621189028e-16
2.5	7.9755312679955871e-16
2.6000000000000001	9.7254045967309144e-16
2.7000000000000002	1.1733340684403121e-15
2.7999999999999998	1.423803252990761e-15
2.8999999999999999	1.7191872566777404e-15
3	2.0159999999999969e-15
3.1000000000000001	2.2397275872000055e-15
3.2000000000000002	2.4314307072000132e-15
3.2999999999999998	2.6067795840000208e-15
3.3999999999999999	2.7717065216000431e-15
3.5	2.9192800000000422e-15
3.6000000000000001	3.0508614976000467e-15
3.7000000000000002	3.1642549356000463e-15
3.7999999999999998	3.259651999999993e-15
3.8999999999999999	3.3346190700000046e-15
4	3.3909000000000181e-15
4.0999999999999996	3.4220600640000224e-15
4.2000000000000002	3.4402878458182067e-15
4.2999999999999998	3.4573476654545619e-15
4.4000000000000004	3.4766438138182108e-15
4.5	3.492263636363654e-15
4.5999999999999996	3.5009310545454722e-15
4.7000000000000002	3.504510036363654e-15
4.7999999999999998	3.5032312727272682e-15
4.9000000000000004	3.4973208000000052e-15
5	3.4870000000000237e-15
5.0999999999999996	3.4712823600000204e-15
5.2000000000000002	3.4516905600000152e-15
5.2999999999999998	3.4274566704000058e-15
5.4000000000000004	3.3998737536000072e-15
5.5	3.372374999999992e-15
5.5999999999999996	3.3511240703999962e-15
5.7000000000000002	3.3306192976000013e-15
5.7999999999999998	3.307893119999991e-15
5.9000000000000004	3.2820649199999896e-15
6	3.2544000000000396e-15
6.0999999999999996	3.224432026400028e-15
6.2000000000000002	3.1950627456000133e-15
6.2999999999999998	3.1708037544000195e-15
6.4000000000000004	3.1518100736000068e-15
6.5	3.1338124999999924e-15
6.5999999999999996	3.1108333823999944e-15
6.7000000000000002	3.0890147975999992e-15
6.7999999999999998	3.0720472895999805e-15
6.9000000000000004	3.0608603063999809e-15
7	3.0535999999999923e-15
7.0999999999999996	3.0507699375542781e-15
7.2000000000000002	3.0508280144457083e-15
7.2999999999999998	3.0529320345599952e-15
7.4000000000000004	3.056234711039997e-15
7.5	3.0598857142857134e-15
7.5999999999999996	3.0594733714285721e-15
7.7000000000000002	3.0585984000000027e-15
7.7999999999999998	3.0573010285714325e-15
7.9000000000000004	3.0556214857142909e-15
8	3.0535999999999946e-15
8.0999999999999996	3.0537548799999951e-15
8.1999999999999993	3.0537126399999953e-15
8.3000000000000007	3.0534169599999956e-15
8.4000000000000004	3.0528115199999962e-15
8.5	3.0518399999999968e-15
8.5999999999999996	3.0504460799999976e-15
8.6999999999999993	3.0485734399999983e-15
8.8000000000000007	3.0461657599999991e-15
8.9000000000000004	3.0431667199999995e-15
9	3.0395199999999879e-15
9.0999999999999996	3.0351692799999883e-15
9.1999999999999993	3.0300582399999894e-15
9.3000000000000007	3.0241305599999913e-15
9.4000000000000004	3.0173299199999938e-15
9.5	3.0095999999999777e-15
9.5999999999999996	2.9969742628571263e-15
9.6999999999999993	2.9837410742857042e-15
9.8000000000000007	2.9700070399999965e-15
9.9000000000000004	2.9558787657142884e-15
10	2.9414628571428576e-15
10.5	2.8687999999999984e-15
11	2.814239999999999e-15
11.5	2.763199999999998e-15
12	2.7103999999999992e-15
12.5	2.6566099999999984e-15
13	2.601939999999988e-15
13.5	2.5464999999999892e-15
14	2.4903999999999878e-15
14.5	2.4319624999999958e-15
15	2.3738000000000052e-15
15.5	2.3167375000000074e-15
16	2.2616000000000003e-15
16.5	2.2112749999999996e-15
17	2.1637000000000008e-15
17.5	2.1188750000000027e-15
18	2.0767999999999958e-15
18.5	2.0336937499999975e-15
19	1.9948499999999993e-15
19.5	1.9617812500000018e-15
20	1.9359999999999825e-15
20.5	1.9275142857142769e-15
21	1.925942857142858e-15
21.5	1.92940000000001e-15
22	1.9359999999999936e-15
22.5	1.9359999999999936e-15
23	1.9359999999999948e-15
23.5	1.935999999999996e-15
24	1.9359999999999979e-15
24.5	1.9360000000000003e-15
25	1.9359999999999754e-15
25.5	1.9359999999999833e-15
26	1.9359999999999924e-15
26.5	1.9360000000000023e-15
27	1.9359999999999948e-15
27.5	1.935999999999996e-15
28	1.9359999999999971e-15
28.5	1.9359999999999983e-15
29	1.9360000000000007e-15
29.5	1.9360000000000019e-15
30	1.9359999999999833e-15
30.5	1.9359999999999912e-15
31	1.9359999999999999e-15
31.5	1.9360000000000086e-15
32	1.9359999999999999e-15
32.5	1.9359999999999999e-15
33	1.9359999999999999e-15
33.5	1.9359999999999999e-15
34	1.9359999999999999e-15
34.5	1.9359999999999999e-15
35	1.9359999999999999e-15
35.5	1.9359999999999999e-15
36	1.9359999999999999e-15
36.5	1.9359999999999999e-15
37	1.9359999999999999e-15
37.5	1.9359999999999999e-15
38	1.9359999999999999e-15
38.5	1.9359999999999999e-15
39	1.9359999999999999e-15
39.5	1.9359999999999999e-15
40	1.9359999999999999e-15
40.5	1.9359999999999999e-15
41	1.9359999999999999e-15
41.5	1.9359999999999999e-15
42	1.9359999999999999e-15
42.5	1.9359999999999999e-15
43	1.9359999999999999e-15
43.5	1.9359999999999999e-15
44	1.9359999999999999e-15
44.5	1.9359999999999999e-15
45	1.9359999999999999e-15
45.5	1.9359999999999999e-15
46	1.9359999999999999e-15
46.5	1.9359999999999999e-15
47	1.9359999999999999e-15
47.5	1.9359999999999999e-15
48	1.9359999999999999e-15
48.5	1.9359999999999999e-15
49	1.9359999999999999e-15
49.5	1.9359999999999999e-15
50	1.9359999999999999e-15
